

wavelength(nm), Y
1600, -25.3876
1599.96, -24.8368
1599.93, -24.3536
1599.89, -23.9302
1599.86, -23.5594
1599.82, -23.2348
1599.79, -22.951
1599.75, -22.7039
1599.72, -22.4903
1599.68, -22.3084
1599.64, -22.157
1599.61, -22.0359
1599.57, -21.9451
1599.54, -21.8847
1599.5, -21.8549
1599.47, -21.8559
1599.43, -21.8876
1599.4, -21.95
1599.36, -22.0434
1599.32, -22.1683
1599.29, -22.3261
1599.25, -22.5189
1599.22, -22.7497
1599.18, -23.0224
1599.15, -23.3419
1599.11, -23.7134
1599.08, -24.1424
1599.04, -24.6345
1599.01, -25.1952
1598.97, -25.83
1598.93, -26.5455
1598.9, -27.3501
1598.86, -28.2559
1598.83, -29.2817
1598.79, -30.4569
1598.76, -31.829
1598.72, -33.4774
1598.69, -35.5441
1598.65, -38.3149
1598.61, -42.5039
1598.58, -50.9313
1598.54, -51.9334
1598.51, -42.6218
1598.47, -38.0724
1598.44, -35.0616
1598.4, -32.8197
1598.37, -31.0467
1598.33, -29.5937
1598.3, -28.3751
1598.26, -27.3364
1598.22, -26.44
1598.19, -25.6588
1598.15, -24.9726
1598.12, -24.3664
1598.08, -23.8286
1598.05, -23.3508
1598.01, -22.9265
1597.98, -22.5508
1597.94, -22.2198
1597.9, -21.9301
1597.87, -21.6787
1597.83, -21.4629
1597.8, -21.2798
1597.76, -21.1271
1597.73, -21.0025
1597.69, -20.9046
1597.66, -20.8323
1597.62, -20.7859
1597.59, -20.7664
1597.55, -20.7759
1597.51, -20.817
1597.48, -20.8929
1597.44, -21.007
1597.41, -21.1619
1597.37, -21.3595
1597.34, -21.6007
1597.3, -21.8852
1597.27, -22.212
1597.23, -22.5796
1597.2, -22.9873
1597.16, -23.4351
1597.13, -23.925
1597.09, -24.4618
1597.05, -25.0532
1597.02, -25.7111
1596.98, -26.4525
1596.95, -27.2996
1596.91, -28.2849
1596.88, -29.4548
1596.84, -30.8766
1596.81, -32.6592
1596.77, -34.9998
1596.74, -38.3252
1596.7, -43.8995
1596.66, -57.3534
1596.63, -44.8124
1596.59, -38.6904
1596.56, -35.1179
1596.52, -32.6056
1596.49, -30.678
1596.45, -29.1238
1596.42, -27.8305
1596.38, -26.7318
1596.35, -25.7852
1596.31, -24.962
1596.28, -24.2413
1596.24, -23.6075
1596.2, -23.048
1596.17, -22.5524
1596.13, -22.1118
1596.1, -21.7188
1596.06, -21.367
1596.03, -21.0515
1595.99, -20.7688
1595.96, -20.5166
1595.92, -20.2942
1595.89, -20.1017
1595.85, -19.9405
1595.82, -19.8122
1595.78, -19.7186
1595.74, -19.6612
1595.71, -19.6404
1595.67, -19.6561
1595.64, -19.7068
1595.6, -19.7905
1595.57, -19.9047
1595.53, -20.047
1595.5, -20.2156
1595.46, -20.4099
1595.43, -20.6303
1595.39, -20.8787
1595.36, -21.1588
1595.32, -21.4753
1595.29, -21.8344
1595.25, -22.2435
1595.21, -22.7111
1595.18, -23.2467
1595.14, -23.8616
1595.11, -24.569
1595.07, -25.3861
1595.04, -26.3357
1595, -27.4505
1594.97, -28.7797
1594.93, -30.4024
1594.9, -32.4575
1594.86, -35.2204
1594.83, -39.3701
1594.79, -47.5102
1594.76, -49.9177
1594.72, -40.2615
1594.68, -35.712
1594.65, -32.7643
1594.61, -30.6042
1594.58, -28.9166
1594.54, -27.5452
1594.51, -26.4001
1594.47, -25.4237
1594.44, -24.5769
1594.4, -23.8317
1594.37, -23.1676
1594.33, -22.5699
1594.3, -22.0279
1594.26, -21.5344
1594.23, -21.0849
1594.19, -20.6768
1594.15, -20.3088
1594.12, -19.9807
1594.08, -19.6921
1594.05, -19.4428
1594.01, -19.2317
1593.98, -19.0574
1593.94, -18.9177
1593.91, -18.8087
1593.87, -18.7296
1593.84, -18.6786
1593.8, -18.6544
1593.77, -18.6565
1593.73, -18.685
1593.7, -18.741
1593.66, -18.8261
1593.63, -18.9421
1593.59, -19.0914
1593.55, -19.2761
1593.52, -19.4985
1593.48, -19.7608
1593.45, -20.0656
1593.41, -20.4157
1593.38, -20.8149
1593.34, -21.2684
1593.31, -21.7831
1593.27, -22.3686
1593.24, -23.0373
1593.2, -23.8063
1593.17, -24.6978
1593.13, -25.7425
1593.1, -26.9831
1593.06, -28.4834
1593.03, -30.3464
1592.99, -32.7596
1592.96, -36.1278
1592.92, -41.6303
1592.89, -54.9276
1592.85, -43.5759
1592.81, -37.3096
1592.78, -33.7282
1592.74, -31.2284
1592.71, -29.3102
1592.67, -27.7532
1592.64, -26.4418
1592.6, -25.3086
1592.57, -24.3121
1592.53, -23.4256
1592.5, -22.6316
1592.46, -21.9183
1592.43, -21.2776
1592.39, -20.7031
1592.36, -20.1897
1592.32, -19.7329
1592.29, -19.3282
1592.25, -18.9715
1592.22, -18.6591
1592.18, -18.3876
1592.15, -18.1543
1592.11, -17.957
1592.08, -17.7943
1592.04, -17.665
1592, -17.5684
1591.97, -17.504
1591.93, -17.4712
1591.9, -17.4693
1591.86, -17.4978
1591.83, -17.5559
1591.79, -17.6432
1591.76, -17.7597
1591.72, -17.9059
1591.69, -18.0832
1591.65, -18.294
1591.62, -18.5421
1591.58, -18.8322
1591.55, -19.1701
1591.51, -19.5629
1591.48, -20.0182
1591.44, -20.5443
1591.41, -21.15
1591.37, -21.8449
1591.34, -22.64
1591.3, -23.5492
1591.27, -24.5912
1591.23, -25.794
1591.2, -27.2014
1591.16, -28.8861
1591.13, -30.9784
1591.09, -33.7388
1591.05, -37.8055
1591.02, -45.551
1590.98, -49.5515
1590.95, -39.2536
1590.91, -34.4979
1590.88, -31.4026
1590.84, -29.1054
1590.81, -27.2823
1590.77, -25.7773
1590.74, -24.5037
1590.7, -23.4081
1590.67, -22.455
1590.63, -21.6194
1590.6, -20.8827
1590.56, -20.2308
1590.53, -19.6528
1590.49, -19.1402
1590.46, -18.6863
1590.42, -18.2857
1590.39, -17.9341
1590.35, -17.6278
1590.32, -17.3636
1590.28, -17.1384
1590.25, -16.9492
1590.21, -16.7933
1590.18, -16.6681
1590.14, -16.5714
1590.11, -16.5014
1590.07, -16.4571
1590.04, -16.4382
1590, -16.4455
1589.97, -16.4806
1589.93, -16.5459
1589.9, -16.6446
1589.86, -16.7802
1589.83, -16.9565
1589.79, -17.1768
1589.75, -17.4441
1589.72, -17.7605
1589.68, -18.1274
1589.65, -18.5458
1589.61, -19.0166
1589.58, -19.541
1589.54, -20.1219
1589.51, -20.7639
1589.47, -21.4752
1589.44, -22.2682
1589.4, -23.1613
1589.37, -24.1819
1589.33, -25.3707
1589.3, -26.7898
1589.26, -28.5409
1589.23, -30.8076
1589.19, -33.9788
1589.16, -39.1532
1589.12, -51.7163
1589.09, -41.8332
1589.05, -35.1572
1589.02, -31.3752
1588.98, -28.7406
1588.95, -26.7265
1588.91, -25.1043
1588.88, -23.7546
1588.84, -22.6073
1588.81, -21.6178
1588.77, -20.7565
1588.74, -20.0022
1588.7, -19.3394
1588.67, -18.756
1588.63, -18.2422
1588.6, -17.7895
1588.56, -17.3908
1588.53, -17.0395
1588.49, -16.7302
1588.46, -16.4581
1588.42, -16.2193
1588.39, -16.0113
1588.35, -15.8323
1588.32, -15.6815
1588.28, -15.5592
1588.25, -15.4664
1588.21, -15.4046
1588.18, -15.3753
1588.14, -15.3803
1588.11, -15.4207
1588.07, -15.4972
1588.04, -15.6098
1588, -15.7577
1587.97, -15.9401
1587.93, -16.1558
1587.9, -16.404
1587.86, -16.684
1587.83, -16.9967
1587.79, -17.3445
1587.76, -17.7311
1587.72, -18.1616
1587.69, -18.6426
1587.65, -19.1829
1587.62, -19.7935
1587.58, -20.488
1587.55, -21.284
1587.51, -22.2047
1587.48, -23.2825
1587.44, -24.5649
1587.41, -26.1271
1587.37, -28.0979
1587.34, -30.7288
1587.3, -34.619
1587.27, -41.9039
1587.23, -47.8098
1587.2, -36.7566
1587.16, -31.8522
1587.13, -28.7268
1587.09, -26.447
1587.06, -24.6679
1587.02, -23.2241
1586.99, -22.0225
1586.95, -21.0051
1586.92, -20.1323
1586.88, -19.3756
1586.85, -18.7134
1586.81, -18.1289
1586.78, -17.6091
1586.74, -17.1437
1586.71, -16.7251
1586.67, -16.3475
1586.64, -16.007
1586.6, -15.7013
1586.57, -15.4291
1586.53, -15.1899
1586.5, -14.9837
1586.46, -14.8107
1586.43, -14.6708
1586.39, -14.5639
1586.36, -14.4892
1586.32, -14.4458
1586.29, -14.4325
1586.25, -14.4484
1586.22, -14.4924
1586.18, -14.5642
1586.15, -14.6639
1586.11, -14.7923
1586.08, -14.9507
1586.04, -15.141
1586.01, -15.3656
1585.97, -15.6271
1585.94, -15.9285
1585.9, -16.273
1585.87, -16.6646
1585.83, -17.1079
1585.8, -17.6088
1585.76, -18.1754
1585.73, -18.8182
1585.69, -19.5518
1585.66, -20.3964
1585.62, -21.3801
1585.59, -22.5437
1585.55, -23.9485
1585.52, -25.693
1585.48, -27.9527
1585.45, -31.094
1585.41, -36.1229
1585.38, -47.8854
1585.34, -40.1738
1585.31, -33.2294
1585.27, -29.4407
1585.24, -26.8614
1585.2, -24.9228
1585.17, -23.3804
1585.13, -22.1058
1585.1, -21.023
1585.07, -20.0836
1585.03, -19.2552
1585, -18.5156
1584.96, -17.8496
1584.93, -17.2466
1584.89, -16.6992
1584.86, -16.2027
1584.82, -15.7532
1584.79, -15.3483
1584.75, -14.9863
1584.72, -14.6652
1584.68, -14.3832
1584.65, -14.1386
1584.61, -13.9296
1584.58, -13.755
1584.54, -13.6135
1584.51, -13.5043
1584.47, -13.427
1584.44, -13.3816
1584.4, -13.3679
1584.37, -13.3862
1584.33, -13.4362
1584.3, -13.518
1584.26, -13.6312
1584.23, -13.7757
1584.19, -13.9513
1584.16, -14.1585
1584.12, -14.3986
1584.09, -14.6737
1584.05, -14.9875
1584.02, -15.345
1583.98, -15.7531
1583.95, -16.2207
1583.91, -16.7584
1583.88, -17.3793
1583.84, -18.0989
1583.81, -18.936
1583.78, -19.914
1583.74, -21.064
1583.71, -22.4304
1583.67, -24.0824
1583.64, -26.1392
1583.6, -28.8334
1583.57, -32.7149
1583.53, -39.6729
1583.5, -47.9441
1583.46, -36.0306
1583.43, -30.9725
1583.39, -27.7982
1583.36, -25.4834
1583.32, -23.661
1583.29, -22.1588
1583.25, -20.8834
1583.22, -19.779
1583.18, -18.8101
1583.15, -17.9525
1583.11, -17.1894
1583.08, -16.5081
1583.04, -15.8987
1583.01, -15.3536
1582.97, -14.8666
1582.94, -14.4328
1582.9, -14.0483
1582.87, -13.7105
1582.84, -13.417
1582.8, -13.166
1582.77, -12.956
1582.73, -12.7852
1582.7, -12.6517
1582.66, -12.5531
1582.63, -12.4871
1582.59, -12.4511
1582.56, -12.4425
1582.52, -12.4596
1582.49, -12.501
1582.45, -12.5663
1582.42, -12.6564
1582.38, -12.7734
1582.35, -12.9205
1582.31, -13.1021
1582.28, -13.3236
1582.24, -13.5908
1582.21, -13.9098
1582.17, -14.2864
1582.14, -14.7262
1582.1, -15.2341
1582.07, -15.8147
1582.04, -16.473
1582, -17.2154
1581.97, -18.051
1581.93, -18.9936
1581.9, -20.0648
1581.86, -21.2983
1581.83, -22.7481
1581.79, -24.5044
1581.76, -26.731
1581.72, -29.7691
1581.69, -34.532
1581.65, -45.2201
1581.62, -39.8547
1581.58, -32.3225
1581.55, -28.2772
1581.51, -25.5119
1581.48, -23.4153
1581.44, -21.7324
1581.41, -20.3325
1581.37, -19.1396
1581.34, -18.1061
1581.31, -17.2003
1581.27, -16.4009
1581.24, -15.6928
1581.2, -15.0652
1581.17, -14.5103
1581.13, -14.0215
1581.1, -13.5933
1581.06, -13.2205
1581.03, -12.8977
1580.99, -12.6197
1580.96, -12.3813
1580.92, -12.1777
1580.89, -12.0047
1580.85, -11.859
1580.82, -11.7383
1580.78, -11.6418
1580.75, -11.5696
1580.72, -11.5234
1580.68, -11.5054
1580.65, -11.5188
1580.61, -11.5671
1580.58, -11.6533
1580.54, -11.7802
1580.51, -11.9496
1580.47, -12.1623
1580.44, -12.4182
1580.4, -12.7166
1580.37, -13.0567
1580.33, -13.4382
1580.3, -13.8617
1580.26, -14.3293
1580.23, -14.8452
1580.19, -15.4161
1580.16, -16.0516
1580.13, -16.7647
1580.09, -17.5727
1580.06, -18.4986
1580.02, -19.5739
1579.99, -20.8439
1579.95, -22.3779
1579.92, -24.293
1579.88, -26.811
1579.85, -30.4411
1579.81, -36.8465
1579.78, -47.4809
1579.74, -34.4528
1579.71, -29.035
1579.67, -25.6802
1579.64, -23.2497
1579.61, -21.3501
1579.57, -19.8005
1579.54, -18.5034
1579.5, -17.4006
1579.47, -16.4538
1579.43, -15.636
1579.4, -14.9264
1579.36, -14.3082
1579.33, -13.7675
1579.29, -13.2923
1579.26, -12.8726
1579.22, -12.5002
1579.19, -12.1688
1579.16, -11.8739
1579.12, -11.6125
1579.09, -11.383
1579.05, -11.1849
1579.02, -11.0186
1578.98, -10.8845
1578.95, -10.7834
1578.91, -10.7156
1578.88, -10.6808
1578.84, -10.6784
1578.81, -10.7072
1578.77, -10.766
1578.74, -10.8536
1578.71, -10.969
1578.67, -11.1121
1578.64, -11.284
1578.6, -11.4866
1578.57, -11.7227
1578.53, -11.9959
1578.5, -12.3103
1578.46, -12.6703
1578.43, -13.0801
1578.39, -13.5442
1578.36, -14.0674
1578.32, -14.6554
1578.29, -15.3157
1578.26, -16.0591
1578.22, -16.9014
1578.19, -17.8659
1578.15, -18.9883
1578.12, -20.3234
1578.08, -21.9609
1578.05, -24.0591
1578.01, -26.9382
1577.98, -31.4239
1577.94, -41.0728
1577.91, -38.3835
1577.87, -30.2379
1577.84, -26.0585
1577.81, -23.2754
1577.77, -21.2139
1577.74, -19.5969
1577.7, -18.2817
1577.67, -17.1838
1577.63, -16.2487
1577.6, -15.4388
1577.56, -14.7277
1577.53, -14.0963
1577.49, -13.531
1577.46, -13.0218
1577.43, -12.5618
1577.39, -12.1461
1577.36, -11.7711
1577.32, -11.4343
1577.29, -11.1334
1577.25, -10.8668
1577.22, -10.6326
1577.18, -10.4294
1577.15, -10.256
1577.11, -10.1117
1577.08, -9.99638
1577.05, -9.91059
1577.01, -9.85551
1576.98, -9.83281
1576.94, -9.84439
1576.91, -9.89198
1576.87, -9.97684
1576.84, -10.0995
1576.8, -10.2595
1576.77, -10.4558
1576.73, -10.6869
1576.7, -10.9512
1576.67, -11.2477
1576.63, -11.5765
1576.6, -11.9393
1576.56, -12.3399
1576.53, -12.7846
1576.49, -13.2828
1576.46, -13.847
1576.42, -14.4936
1576.39, -15.2434
1576.35, -16.1228
1576.32, -17.1662
1576.29, -18.42
1576.25, -19.9526
1576.22, -21.8753
1576.18, -24.3943
1576.15, -27.9723
1576.11, -34.0549
1576.08, -46.9381
1576.04, -33.4998
1576.01, -27.8694
1575.98, -24.5105
1575.94, -22.1262
1575.91, -20.2828
1575.87, -18.7835
1575.84, -17.5228
1575.8, -16.4384
1575.77, -15.4907
1575.73, -14.6541
1575.7, -13.9098
1575.66, -13.244
1575.63, -12.6466
1575.6, -12.1094
1575.56, -11.6261
1575.53, -11.1917
1575.49, -10.8027
1575.46, -10.4564
1575.42, -10.1515
1575.39, -9.88736
1575.35, -9.66388
1575.32, -9.48106
1575.29, -9.33857
1575.25, -9.23544
1575.22, -9.16991
1575.18, -9.13937
1575.15, -9.14063
1575.11, -9.17026
1575.08, -9.22502
1575.04, -9.30233
1575.01, -9.40063
1574.98, -9.51973
1574.94, -9.66099
1574.91, -9.82737
1574.87, -10.0234
1574.84, -10.2551
1574.8, -10.5295
1574.77, -10.8544
1574.73, -11.2379
1574.7, -11.6879
1574.67, -12.2124
1574.63, -12.819
1574.6, -13.516
1574.56, -14.3135
1574.53, -15.2249
1574.49, -16.27
1574.46, -17.479
1574.42, -18.9002
1574.39, -20.6138
1574.36, -22.7636
1574.32, -25.6404
1574.29, -29.9785
1574.25, -38.7401
1574.22, -39.0167
1574.18, -30.0645
1574.15, -25.6721
1574.11, -22.7735
1574.08, -20.6197
1574.05, -18.9144
1574.01, -17.5098
1573.98, -16.3211
1573.94, -15.2949
1573.91, -14.3959
1573.87, -13.5995
1573.84, -12.8889
1573.8, -12.2524
1573.77, -11.6817
1573.74, -11.1713
1573.7, -10.7172
1573.67, -10.316
1573.63, -9.96456
1573.6, -9.65964
1573.56, -9.39756
1573.53, -9.17438
1573.5, -8.98618
1573.46, -8.82928
1573.43, -8.70062
1573.39, -8.59806
1573.36, -8.52047
1573.32, -8.46791
1573.29, -8.44151
1573.25, -8.44335
1573.22, -8.47615
1573.19, -8.54297
1573.15, -8.64682
1573.12, -8.79034
1573.08, -8.97559
1573.05, -9.20393
1573.01, -9.47614
1572.98, -9.79267
1572.95, -10.1541
1572.91, -10.5614
1572.88, -11.0171
1572.84, -11.5249
1572.81, -12.0911
1572.77, -12.7244
1572.74, -13.4371
1572.7, -14.2466
1572.67, -15.1744
1572.64, -16.2498
1572.6, -17.515
1572.57, -19.0335
1572.53, -20.9095
1572.5, -23.3352
1572.46, -26.7318
1572.43, -32.3534
1572.4, -45.8543
1572.36, -33.4056
1572.33, -27.2733
1572.29, -23.6849
1572.26, -21.1438
1572.22, -19.1753
1572.19, -17.5701
1572.16, -16.2189
1572.12, -15.0586
1572.09, -14.0499
1572.05, -13.1667
1572.02, -12.3909
1571.98, -11.7084
1571.95, -11.1082
1571.92, -10.5805
1571.88, -10.1168
1571.85, -9.7098
1571.81, -9.35293
1571.78, -9.04081
1571.74, -8.76919
1571.71, -8.53485
1571.67, -8.33552
1571.64, -8.16974
1571.61, -8.03657
1571.57, -7.93542
1571.54, -7.86581
1571.5, -7.82723
1571.47, -7.81907
1571.43, -7.8406
1571.4, -7.89113
1571.37, -7.97015
1571.33, -8.07753
1571.3, -8.21377
1571.26, -8.38013
1571.23, -8.57879
1571.19, -8.81285
1571.16, -9.08626
1571.13, -9.40363
1571.09, -9.76999
1571.06, -10.1906
1571.02, -10.6706
1570.99, -11.2154
1570.95, -11.8306
1570.92, -12.523
1570.89, -13.3015
1570.85, -14.179
1570.82, -15.1749
1570.78, -16.3189
1570.75, -17.658
1570.71, -19.2695
1570.68, -21.2895
1570.65, -23.9871
1570.61, -28.0175
1570.58, -35.8316
1570.54, -39.2364
1570.51, -29.1219
1570.48, -24.4072
1570.44, -21.3467
1570.41, -19.0948
1570.37, -17.3298
1570.34, -15.8942
1570.3, -14.6981
1570.27, -13.6844
1570.24, -12.8142
1570.2, -12.0592
1570.17, -11.3985
1570.13, -10.8161
1570.1, -10.3001
1570.06, -9.84091
1570.03, -9.43158
1570, -9.06663
1569.96, -8.74181
1569.93, -8.45383
1569.89, -8.20002
1569.86, -7.97827
1569.82, -7.78685
1569.79, -7.62447
1569.76, -7.49031
1569.72, -7.38406
1569.69, -7.30648
1569.65, -7.25926
1569.62, -7.24256
1569.58, -7.25824
1569.55, -7.30836
1569.52, -7.39495
1569.48, -7.51973
1569.45, -7.68385
1569.41, -7.88774
1569.38, -8.13118
1569.35, -8.4134
1569.31, -8.73348
1569.28, -9.09075
1569.24, -9.48538
1569.21, -9.91885
1569.17, -10.3946
1569.14, -10.9183
1569.11, -11.4988
1569.07, -12.1486
1569.04, -12.8846
1569, -13.7298
1568.97, -14.7152
1568.94, -15.8843
1568.9, -17.301
1568.87, -19.0671
1568.83, -21.3644
1568.8, -24.5768
1568.76, -29.7867
1568.73, -42.2951
1568.7, -32.7824
1568.66, -26.1451
1568.63, -22.4325
1568.59, -19.8717
1568.56, -17.9291
1568.52, -16.3729
1568.49, -15.0818
1568.46, -13.9845
1568.42, -13.0358
1568.39, -12.2055
1568.35, -11.4725
1568.32, -10.8217
1568.29, -10.2415
1568.25, -9.72317
1568.22, -9.25976
1568.18, -8.84564
1568.15, -8.47631
1568.11, -8.14825
1568.08, -7.85879
1568.05, -7.60609
1568.01, -7.38903
1567.98, -7.20703
1567.94, -7.05993
1567.91, -6.94769
1567.88, -6.8702
1567.84, -6.82703
1567.81, -6.81736
1567.77, -6.83989
1567.74, -6.89302
1567.71, -6.97496
1567.67, -7.08408
1567.64, -7.21917
1567.6, -7.37974
1567.57, -7.56625
1567.53, -7.78031
1567.5, -8.02476
1567.47, -8.30369
1567.43, -8.62239
1567.4, -8.98725
1567.36, -9.40569
1567.33, -9.88607
1567.3, -10.4378
1567.26, -11.0715
1567.23, -11.8
1567.19, -12.6391
1567.16, -13.61
1567.13, -14.7425
1567.09, -16.0816
1567.06, -17.6992
1567.02, -19.7198
1566.99, -22.3866
1566.95, -26.2754
1566.92, -33.395
1566.89, -40.4775
1566.85, -29.0228
1566.82, -24.0626
1566.78, -20.9366
1566.75, -18.6676
1566.72, -16.8988
1566.68, -15.4598
1566.65, -14.2568
1566.61, -13.2305
1566.58, -12.341
1566.55, -11.5608
1566.51, -10.87
1566.48, -10.2537
1566.44, -9.70128
1566.41, -9.20467
1566.38, -8.75822
1566.34, -8.35793
1566.31, -8.00103
1566.27, -7.68553
1566.24, -7.4098
1566.2, -7.17237
1566.17, -6.97165
1566.14, -6.8059
1566.1, -6.67327
1566.07, -6.5719
1566.03, -6.5001
1566, -6.45652
1565.97, -6.44035
1565.93, -6.45136
1565.9, -6.49
1565.86, -6.55735
1565.83, -6.65502
1565.8, -6.78506
1565.76, -6.94978
1565.73, -7.15163
1565.69, -7.3931
1565.66, -7.67674
1565.63, -8.00515
1565.59, -8.38124
1565.56, -8.80844
1565.52, -9.2911
1565.49, -9.83493
1565.46, -10.4476
1565.42, -11.1396
1565.39, -11.925
1565.35, -12.823
1565.32, -13.8605
1565.29, -15.0758
1565.25, -16.5265
1565.22, -18.3055
1565.18, -20.5783
1565.15, -23.6885
1565.12, -28.563
1565.08, -39.5135
1565.05, -33.7784
1565.01, -26.4315
1564.98, -22.4976
1564.95, -19.8208
1564.91, -17.7972
1564.88, -16.1734
1564.84, -14.8198
1564.81, -13.6616
1564.78, -12.6529
1564.74, -11.7635
1564.71, -10.9736
1564.67, -10.2691
1564.64, -9.64037
1564.61, -9.07985
1564.57, -8.58163
1564.54, -8.14063
1564.5, -7.75226
1564.47, -7.41228
1564.44, -7.11679
1564.4, -6.86227
1564.37, -6.6457
1564.33, -6.46457
1564.3, -6.31694
1564.27, -6.20141
1564.23, -6.11707
1564.2, -6.06337
1564.16, -6.04005
1564.13, -6.04703
1564.1, -6.08434
1564.06, -6.15211
1564.03, -6.25059
1563.99, -6.38022
1563.96, -6.54174
1563.93, -6.73633
1563.89, -6.96575
1563.86, -7.23246
1563.82, -7.53975
1563.79, -7.89174
1563.76, -8.29346
1563.72, -8.75085
1563.69, -9.27077
1563.65, -9.86112
1563.62, -10.532
1563.59, -11.2946
1563.55, -12.1622
1563.52, -13.1539
1563.48, -14.297
1563.45, -15.6326
1563.42, -17.2268
1563.38, -19.1938
1563.35, -21.7534
1563.31, -25.4111
1563.28, -31.8132
1563.25, -42.663
1563.21, -29.5854
1563.18, -24.1607
1563.14, -20.8113
1563.11, -18.3889
1563.08, -16.4971
1563.04, -14.9539
1563.01, -13.6607
1562.97, -12.5581
1562.94, -11.6072
1562.91, -10.7809
1562.87, -10.059
1562.84, -9.42583
1562.81, -8.869
1562.77, -8.37845
1562.74, -7.94605
1562.7, -7.56519
1562.67, -7.23056
1562.64, -6.93791
1562.6, -6.68384
1562.57, -6.46561
1562.53, -6.28101
1562.5, -6.12819
1562.47, -6.00565
1562.43, -5.91221
1562.4, -5.84699
1562.36, -5.80949
1562.33, -5.79965
1562.3, -5.81792
1562.26, -5.86529
1562.23, -5.94326
1562.19, -6.05384
1562.16, -6.19938
1562.13, -6.38244
1562.09, -6.60556
1562.06, -6.87111
1562.03, -7.18118
1561.99, -7.5375
1561.96, -7.94163
1561.92, -8.39518
1561.89, -8.90029
1561.86, -9.46018
1561.82, -10.0799
1561.79, -10.7671
1561.75, -11.5334
1561.72, -12.3959
1561.69, -13.3792
1561.65, -14.5198
1561.62, -15.8732
1561.59, -17.5279
1561.55, -19.6387
1561.52, -22.5172
1561.48, -26.9605
1561.45, -36.3362
1561.42, -34.5165
1561.38, -26.151
1561.35, -21.9066
1561.31, -19.08
1561.28, -16.9763
1561.25, -15.3142
1561.21, -13.9514
1561.18, -12.8055
1561.14, -11.8247
1561.11, -10.974
1561.08, -10.229
1561.04, -9.57204
1561.01, -8.98999
1560.98, -8.47284
1560.94, -8.0128
1560.91, -7.60366
1560.87, -7.24034
1560.84, -6.91866
1560.81, -6.63521
1560.77, -6.38722
1560.74, -6.17258
1560.7, -5.98986
1560.67, -5.83823
1560.64, -5.71751
1560.6, -5.62814
1560.57, -5.57225
1560.54, -5.54922
1560.5, -5.55992
1560.47, -5.60503
1560.43, -5.68477
1560.4, -5.79895
1560.37, -5.94693
1560.33, -6.12774
1560.3, -6.34037
1560.27, -6.58404
1560.23, -6.85855
1560.2, -7.16461
1560.16, -7.50412
1560.13, -7.88045
1560.1, -8.29863
1560.06, -8.76555
1560.03, -9.29014
1559.99, -9.88367
1559.96, -10.5601
1559.93, -11.3371
1559.89, -12.237
1559.86, -13.2901
1559.83, -14.539
1559.79, -16.0485
1559.76, -17.9261
1559.72, -20.372
1559.69, -23.8297
1559.66, -29.6489
1559.62, -43.0334
1559.59, -29.8272
1559.56, -23.9471
1559.52, -20.4755
1559.49, -18.0251
1559.45, -16.1433
1559.42, -14.6265
1559.39, -13.3659
1559.35, -12.2964
1559.32, -11.3755
1559.29, -10.574
1559.25, -9.87084
1559.22, -9.24984
1559.18, -8.69862
1559.15, -8.20749
1559.12, -7.76888
1559.08, -7.37701
1559.05, -7.02761
1559.02, -6.71767
1558.98, -6.44519
1558.95, -6.20889
1558.91, -6.00796
1558.88, -5.84178
1558.85, -5.70966
1558.81, -5.61071
1558.78, -5.54377
1558.75, -5.50744
1558.71, -5.50022
1558.68, -5.52069
1558.64, -5.56774
1558.61, -5.64079
1558.58, -5.73993
1558.54, -5.86604
1558.51, -6.02082
1558.48, -6.20677
1558.44, -6.42705
1558.41, -6.68538
1558.37, -6.98589
1558.34, -7.33303
1558.31, -7.73154
1558.27, -8.18657
1558.24, -8.70395
1558.21, -9.29068
1558.17, -9.95564
1558.14, -10.7106
1558.1, -11.5717
1558.07, -12.5619
1558.04, -13.7146
1558, -15.08
1557.97, -16.7388
1557.94, -18.8308
1557.9, -21.6322
1557.87, -25.8217
1557.83, -33.9998
1557.8, -36.4458
1557.77, -26.8322
1557.73, -22.3154
1557.7, -19.3927
1557.67, -17.2482
1557.63, -15.566
1557.6, -14.1898
1557.57, -13.0312
1557.53, -12.0353
1557.5, -11.1646
1557.46, -10.3939
1557.43, -9.70588
1557.4, -9.08832
1557.36, -8.53266
1557.33, -8.03288
1557.3, -7.5846
1557.26, -7.18452
1557.23, -6.82989
1557.19, -6.5182
1557.16, -6.24706
1557.13, -6.01412
1557.09, -5.81715
1557.06, -5.65416
1557.03, -5.52352
1556.99, -5.42405
1556.96, -5.35511
1556.93, -5.31653
1556.89, -5.30857
1556.86, -5.33179
1556.82, -5.38691
1556.79, -5.4747
1556.76, -5.59585
1556.72, -5.75098
1556.69, -5.9407
1556.66, -6.16571
1556.62, -6.42699
1556.59, -6.72612
1556.55, -7.06544
1556.52, -7.44841
1556.49, -7.87984
1556.45, -8.36612
1556.42, -8.91548
1556.39, -9.53829
1556.35, -10.2475
1556.32, -11.0592
1556.29, -11.9941
1556.25, -13.0799
1556.22, -14.3553
1556.18, -15.8793
1556.15, -17.7489
1556.12, -20.1426
1556.08, -23.4462
1556.05, -28.7641
1556.02, -41.5006
1555.98, -31.4813
1555.95, -24.928
1555.92, -21.2169
1555.88, -18.628
1555.85, -16.6409
1555.81, -15.0308
1555.78, -13.6814
1555.75, -12.5254
1555.71, -11.5211
1555.68, -10.6406
1555.65, -9.86472
1555.61, -9.17918
1555.58, -8.57293
1555.55, -8.03702
1555.51, -7.56397
1555.48, -7.14749
1555.45, -6.78226
1555.41, -6.46386
1555.38, -6.18866
1555.34, -5.95371
1555.31, -5.75659
1555.28, -5.59529
1555.24, -5.46807
1555.21, -5.37332
1555.18, -5.30954
1555.14, -5.27534
1555.11, -5.26945
1555.08, -5.2909
1555.04, -5.33909
1555.01, -5.414
1554.97, -5.51629
1554.94, -5.64741
1554.91, -5.80962
1554.87, -6.006
1554.84, -6.24031
1554.81, -6.51678
1554.77, -6.83995
1554.74, -7.21442
1554.71, -7.64465
1554.67, -8.13505
1554.64, -8.69007
1554.61, -9.3147
1554.57, -10.0152
1554.54, -10.8006
1554.5, -11.6843
1554.47, -12.6842
1554.44, -13.8294
1554.4, -15.1648
1554.37, -16.7636
1554.34, -18.7527
1554.3, -21.3781
1554.27, -25.219
1554.24, -32.2907
1554.2, -39.2699
1554.17, -27.7857
1554.14, -22.7783
1554.1, -19.6073
1554.07, -17.2983
1554.04, -15.4953
1554, -14.0286
1553.97, -12.8031
1553.93, -11.7602
1553.9, -10.8607
1553.87, -10.0771
1553.83, -9.38962
1553.8, -8.78338
1553.77, -8.24717
1553.73, -7.77229
1553.7, -7.35189
1553.67, -6.98047
1553.63, -6.65342
1553.6, -6.36686
1553.57, -6.11747
1553.53, -5.90241
1553.5, -5.71934
1553.47, -5.56648
1553.43, -5.44265
1553.4, -5.34734
1553.36, -5.28069
1553.33, -5.24347
1553.3, -5.23695
1553.26, -5.26277
1553.23, -5.32268
1553.2, -5.41833
1553.16, -5.55102
1553.13, -5.7216
1553.1, -5.93036
1553.06, -6.17716
1553.03, -6.46159
1553, -6.78331
1552.96, -7.14245
1552.93, -7.53997
1552.9, -7.97817
1552.86, -8.46106
1552.83, -8.9948
1552.8, -9.58816
1552.76, -10.2531
1552.73, -11.0054
1552.69, -11.8662
1552.66, -12.8637
1552.63, -14.0374
1552.59, -15.4456
1552.56, -17.1807
1552.53, -19.407
1552.49, -22.4636
1552.46, -27.2601
1552.43, -37.9813
1552.39, -32.6923
1552.36, -25.2195
1552.33, -21.2346
1552.29, -18.529
1552.26, -16.4903
1552.23, -14.8634
1552.19, -13.5182
1552.16, -12.3795
1552.13, -11.4002
1552.09, -10.5488
1552.06, -9.8031
1552.03, -9.14685
1551.99, -8.56747
1551.96, -8.05502
1551.92, -7.60144
1551.89, -7.20014
1551.86, -6.84575
1551.82, -6.534
1551.79, -6.26158
1551.76, -6.02603
1551.72, -5.8256
1551.69, -5.65909
1551.66, -5.52569
1551.62, -5.42474
1551.59, -5.35562
1551.56, -5.3176
1551.52, -5.30983
1551.49, -5.33209
1551.46, -5.38288
1551.42, -5.46112
1551.39, -5.56632
1551.36, -5.69854
1551.32, -5.85852
1551.29, -6.0478
1551.26, -6.26878
1551.22, -6.5247
1551.19, -6.81955
1551.16, -7.15797
1551.12, -7.54515
1551.09, -7.98676
1551.06, -8.48901
1551.02, -9.05893
1550.99, -9.70482
1550.96, -10.4371
1550.92, -11.2698
1550.89, -12.2222
1550.86, -13.3225
1550.82, -14.6134
1550.79, -16.1622
1550.75, -18.084
1550.72, -20.5963
1550.69, -24.1919
1550.65, -30.4416
1550.62, -42.1055
1550.59, -28.8109
1550.55, -23.3218
1550.52, -19.9908
1550.49, -17.6172
1550.45, -15.7894
1550.42, -14.3171
1550.39, -13.0956
1550.35, -12.061
1550.32, -11.1708
1550.29, -10.3951
1550.25, -9.71261
1550.22, -9.10723
1550.19, -8.56709
1550.15, -8.08331
1550.12, -7.64924
1550.09, -7.25999
1550.05, -6.91192
1550.02, -6.60233
1549.99, -6.32916
1549.95, -6.09077
1549.92, -5.88587
1549.89, -5.71336
1549.85, -5.57243
1549.82, -5.46251
1549.79, -5.38334
1549.75, -5.33499
1549.72, -5.31786
1549.69, -5.33262
1549.65, -5.38013
1549.62, -5.46136
1549.59, -5.5772
1549.55, -5.72846
1549.52, -5.91574
1549.49, -6.13953
1549.45, -6.40029
1549.42, -6.69865
1549.39, -7.03569
1549.35, -7.41319
1549.32, -7.83406
1549.29, -8.30266
1549.25, -8.82519
1549.22, -9.41019
1549.19, -10.069
1549.15, -10.8168
1549.12, -11.6734
1549.09, -12.6654
1549.05, -13.8299
1549.02, -15.2207
1548.99, -16.9227
1548.95, -19.0831
1548.92, -21.9969
1548.89, -26.4129
1548.85, -35.395
1548.82, -35.1184
1548.79, -26.4107
1548.75, -22.1155
1548.72, -19.282
1548.69, -17.1762
1548.65, -15.5063
1548.62, -14.1269
1548.59, -12.9558
1548.55, -11.9424
1548.52, -11.0536
1548.49, -10.2673
1548.45, -9.56882
1548.42, -8.94603
1548.39, -8.39056
1548.35, -7.896
1548.32, -7.45718
1548.29, -7.06988
1548.25, -6.7305
1548.22, -6.43599
1548.19, -6.18371
1548.15, -5.97136
1548.12, -5.79695
1548.09, -5.65869
1548.05, -5.55495
1548.02, -5.48419
1547.99, -5.44495
1547.95, -5.4358
1547.92, -5.45546
1547.89, -5.5028
1547.85, -5.57703
1547.82, -5.67776
1547.79, -5.80517
1547.75, -5.96016
1547.72, -6.14437
1547.69, -6.36031
1547.65, -6.61134
1547.62, -6.90163
1547.59, -7.23608
1547.56, -7.62025
1547.52, -8.06028
1547.49, -8.56285
1547.46, -9.13534
1547.42, -9.78616
1547.39, -10.5254
1547.36, -11.3662
1547.32, -12.326
1547.29, -13.4302
1547.26, -14.7169
1547.22, -16.2465
1547.19, -18.1213
1547.16, -20.5321
1547.12, -23.8967
1547.09, -29.4482
1547.06, -42.8332
1547.02, -30.7028
1546.99, -24.5052
1546.96, -20.9015
1546.92, -18.3684
1546.89, -16.4252
1546.86, -14.8595
1546.82, -13.5588
1546.79, -12.456
1546.76, -11.5077
1546.72, -10.684
1546.69, -9.96306
1546.66, -9.32863
1546.62, -8.76811
1546.59, -8.27166
1546.56, -7.83149
1546.52, -7.44138
1546.49, -7.09637
1546.46, -6.79247
1546.42, -6.52644
1546.39, -6.29566
1546.36, -6.09805
1546.33, -5.93194
1546.29, -5.79608
1546.26, -5.68966
1546.23, -5.61227
1546.19, -5.56392
1546.16, -5.54505
1546.13, -5.55646
1546.09, -5.59927
1546.06, -5.6748
1546.03, -5.78452
1545.99, -5.92988
1545.96, -6.11225
1545.93, -6.3329
1545.89, -6.59293
1545.86, -6.89344
1545.83, -7.23564
1545.79, -7.62108
1545.76, -8.05198
1545.73, -8.53158
1545.69, -9.06458
1545.66, -9.65766
1545.63, -10.3201
1545.6, -11.0646
1545.56, -11.9087
1545.53, -12.8763
1545.5, -14.0016
1545.46, -15.3346
1545.43, -16.9539
1545.4, -18.9923
1545.36, -21.7083
1545.33, -25.7221
1545.3, -33.2864
1545.26, -38.2238
1545.23, -27.6629
1545.2, -22.9119
1545.16, -19.8762
1545.13, -17.6567
1545.1, -15.9162
1545.06, -14.4915
1545.03, -13.2915
1545, -12.2604
1544.96, -11.3617
1544.93, -10.5708
1544.9, -9.87021
1544.87, -9.24738
1544.83, -8.69298
1544.8, -8.19991
1544.77, -7.76258
1544.73, -7.37652
1544.7, -7.03796
1544.67, -6.74372
1544.63, -6.49101
1544.6, -6.27743
1544.57, -6.10082
1544.53, -5.95933
1544.5, -5.85132
1544.47, -5.77536
1544.43, -5.73025
1544.4, -5.71493
1544.37, -5.72859
1544.34, -5.77057
1544.3, -5.84049
1544.27, -5.93824
1544.24, -6.06412
1544.2, -6.21883
1544.17, -6.40363
1544.14, -6.62039
1544.1, -6.8716
1544.07, -7.16051
1544.04, -7.49105
1544, -7.86793
1543.97, -8.29661
1543.94, -8.78338
1543.9, -9.3355
1543.87, -9.96153
1543.84, -10.6719
1543.81, -11.4797
1543.77, -12.4026
1543.74, -13.4651
1543.71, -14.7032
1543.67, -16.1728
1543.64, -17.9665
1543.61, -20.2527
1543.57, -23.3874
1543.54, -28.3469
1543.51, -39.7767
1543.47, -32.7206
1543.44, -25.5858
1543.41, -21.6838
1543.38, -19.0057
1543.34, -16.9767
1543.31, -15.3543
1543.28, -14.0134
1543.24, -12.8814
1543.21, -11.9117
1543.18, -11.0728
1543.14, -10.3416
1543.11, -9.70094
1543.08, -9.13719
1543.04, -8.63953
1543.01, -8.19915
1542.98, -7.8089
1542.95, -7.46302
1542.91, -7.15688
1542.88, -6.88692
1542.85, -6.65043
1542.81, -6.44548
1542.78, -6.27079
1542.75, -6.12562
1542.71, -6.00971
1542.68, -5.9232
1542.65, -5.86653
1542.61, -5.84039
1542.58, -5.84568
1542.55, -5.88343
1542.52, -5.95473
1542.48, -6.0607
1542.45, -6.20245
1542.42, -6.38117
1542.38, -6.59818
1542.35, -6.8539
1542.32, -7.14936
1542.28, -7.48577
1542.25, -7.86469
1542.22, -8.28833
1542.19, -8.75981
1542.15, -9.28355
1542.12, -9.86573
1542.09, -10.5149
1542.05, -11.2428
1542.02, -12.0656
1541.99, -13.0055
1541.95, -14.0941
1541.92, -15.3777
1541.89, -16.9277
1541.85, -18.8639
1541.82, -21.4123
1541.79, -25.0878
1541.76, -31.5697
1541.72, -42.0659
1541.69, -29.206
1541.66, -23.8954
1541.62, -20.6415
1541.59, -18.3112
1541.56, -16.508
1541.52, -15.0465
1541.49, -13.8246
1541.46, -12.7803
1541.43, -11.8733
1541.39, -11.0761
1541.36, -10.3692
1541.33, -9.73894
1541.29, -9.17531
1541.26, -8.67107
1541.23, -8.22088
1541.19, -7.8208
1541.16, -7.46779
1541.13, -7.15942
1541.1, -6.89364
1541.06, -6.66856
1541.03, -6.48241
1541, -6.33349
1540.96, -6.22012
1540.93, -6.14066
1540.9, -6.0936
1540.87, -6.07754
1540.83, -6.09126
1540.8, -6.13379
1540.77, -6.20439
1540.73, -6.30268
1540.7, -6.42862
1540.67, -6.5826
1540.63, -6.76553
1540.6, -6.97882
1540.57, -7.22454
1540.54, -7.50542
1540.5, -7.82495
1540.47, -8.18745
1540.44, -8.59814
1540.4, -9.06325
1540.37, -9.59021
1540.34, -10.1879
1540.3, -10.8673
1540.27, -11.6418
1540.24, -12.5293
1540.21, -13.5537
1540.17, -14.7492
1540.14, -16.1674
1540.11, -17.892
1540.07, -20.0716
1540.04, -23.0087
1540.01, -27.4812
1539.98, -36.7475
1539.94, -35.445
1539.91, -26.9849
1539.88, -22.722
1539.84, -19.8824
1539.81, -17.7619
1539.78, -16.0788
1539.74, -14.6926
1539.71, -13.5237
1539.68, -12.5223
1539.65, -11.6553
1539.61, -10.8995
1539.58, -10.2373
1539.55, -9.65545
1539.51, -9.14303
1539.48, -8.69114
1539.45, -8.29238
1539.42, -7.94056
1539.38, -7.63076
1539.35, -7.35903
1539.32, -7.12178
1539.28, -6.91655
1539.25, -6.74162
1539.22, -6.59588
1539.19, -6.47874
1539.15, -6.39007
1539.12, -6.33008
1539.09, -6.29924
1539.05, -6.29825
1539.02, -6.32796
1538.99, -6.38932
1538.95, -6.48338
1538.92, -6.6113
1538.89, -6.77427
1538.86, -6.97362
1538.82, -7.21078
1538.79, -7.48735
1538.76, -7.80522
1538.72, -8.16662
1538.69, -8.57429
1538.66, -9.03177
1538.63, -9.54357
1538.59, -10.1157
1538.56, -10.756
1538.53, -11.4754
1538.49, -12.2882
1538.46, -13.2146
1538.43, -14.2832
1538.4, -15.5357
1538.36, -17.0366
1538.33, -18.8924
1538.3, -21.2995
1538.26, -24.6859
1538.23, -30.3213
1538.2, -43.7719
1538.17, -31.2598
1538.13, -25.1957
1538.1, -21.6687
1538.07, -19.199
1538.03, -17.3125
1538, -15.7969
1537.97, -14.5384
1537.94, -13.4685
1537.9, -12.5429
1537.87, -11.7314
1537.84, -11.0128
1537.8, -10.3718
1537.77, -9.79743
1537.74, -9.28173
1537.71, -8.81901
1537.67, -8.40521
1537.64, -8.03741
1537.61, -7.71349
1537.57, -7.43176
1537.54, -7.19079
1537.51, -6.98918
1537.48, -6.82551
1537.44, -6.69829
1537.41, -6.60598
1537.38, -6.54702
1537.34, -6.51994
1537.31, -6.52343
1537.28, -6.55642
1537.25, -6.61815
1537.21, -6.70822
1537.18, -6.82665
1537.15, -6.97388
1537.11, -7.15085
1537.08, -7.35897
1537.05, -7.60021
1537.02, -7.87712
1536.98, -8.19288
1536.95, -8.55143
1536.92, -8.95754
1536.89, -9.41696
1536.85, -9.93666
1536.82, -10.5251
1536.79, -11.1927
1536.75, -11.9525
1536.72, -12.8215
1536.69, -13.8224
1536.66, -14.9871
1536.62, -16.3633
1536.59, -18.0262
1536.56, -20.1068
1536.52, -22.8628
1536.49, -26.9182
1536.46, -34.5591
1536.43, -39.2158
1536.39, -28.7647
1536.36, -24.026
1536.33, -20.9816
1536.29, -18.7442
1536.26, -16.9816
1536.23, -15.5341
1536.2, -14.3133
1536.16, -13.2657
1536.13, -12.3563
1536.1, -11.5614
1536.07, -10.8638
1536.03, -10.2505
1536, -9.71105
1535.97, -9.23684
1535.93, -8.82047
1535.9, -8.45549
1535.87, -8.13627
1535.84, -7.85799
1535.8, -7.61659
1535.77, -7.40882
1535.74, -7.2322
1535.71, -7.08499
1535.67, -6.96615
1535.64, -6.87526
1535.61, -6.81242
1535.57, -6.77813
1535.54, -6.77323
1535.51, -6.79874
1535.48, -6.85585
1535.44, -6.94582
1535.41, -7.06995
1535.38, -7.22959
1535.34, -7.42616
1535.31, -7.66119
1535.28, -7.93634
1535.25, -8.25352
1535.21, -8.61496
1535.18, -9.02337
1535.15, -9.48204
1535.12, -9.99515
1535.08, -10.5681
1535.05, -11.2079
1535.02, -11.9242
1534.98, -12.7296
1534.95, -13.6424
1534.92, -14.6879
1534.89, -15.9037
1534.85, -17.3478
1534.82, -19.1146
1534.79, -21.375
1534.76, -24.4861
1534.72, -29.4228
1534.69, -40.81
1534.66, -33.836
1534.62, -26.6931
1534.59, -22.801
1534.56, -20.1411
1534.53, -18.135
1534.49, -16.537
1534.46, -15.2196
1534.43, -14.1075
1534.4, -13.1522
1534.36, -12.3206
1534.33, -11.5893
1534.3, -10.9409
1534.27, -10.363
1534.23, -9.84594
1534.2, -9.38306
1534.17, -8.96939
1534.13, -8.60145
1534.1, -8.27683
1534.07, -7.9938
1534.04, -7.75104
1534, -7.54741
1533.97, -7.38179
1533.94, -7.25296
1533.91, -7.15956
1533.87, -7.10018
1533.84, -7.07338
1533.81, -7.07779
1533.78, -7.11226
1533.74, -7.17592
1533.71, -7.26824
1533.68, -7.38912
1533.64, -7.53885
1533.61, -7.71817
1533.58, -7.92823
1533.55, -8.17064
1533.51, -8.44743
1533.48, -8.7612
1533.45, -9.11513
1533.42, -9.51318
1533.38, -9.96027
1533.35, -10.4625
1533.32, -11.0281
1533.29, -11.6666
1533.25, -12.3905
1533.22, -13.2162
1533.19, -14.1656
1533.15, -15.2696
1533.12, -16.5726
1533.09, -18.144
1533.06, -20.1003
1533.02, -22.6625
1532.99, -26.3363
1532.96, -32.7631
1532.93, -43.6715
1532.89, -30.6539
1532.86, -25.2852
1532.83, -21.9965
1532.8, -19.6344
1532.76, -17.7993
1532.73, -16.3065
1532.7, -15.0559
1532.66, -13.9878
1532.63, -13.0639
1532.6, -12.2583
1532.57, -11.5528
1532.53, -10.9337
1532.5, -10.3902
1532.47, -9.91357
1532.44, -9.49621
1532.4, -9.13144
1532.37, -8.8133
1532.34, -8.53655
1532.31, -8.29668
1532.27, -8.08997
1532.24, -7.91351
1532.21, -7.76525
1532.18, -7.64391
1532.14, -7.54896
1532.11, -7.48049
1532.08, -7.43909
1532.05, -7.4257
1532.01, -7.44151
1531.98, -7.48777
1531.95, -7.56577
1531.91, -7.67679
1531.88, -7.82205
1531.85, -8.00283
1531.82, -8.22049
1531.78, -8.47659
1531.75, -8.77299
1531.72, -9.11203
1531.69, -9.49656
1531.65, -9.9302
1531.62, -10.4175
1531.59, -10.964
1531.56, -11.5772
1531.52, -12.2664
1531.49, -13.0442
1531.46, -13.9274
1531.43, -14.9398
1531.39, -16.1158
1531.36, -17.5075
1531.33, -19.1992
1531.3, -21.3388
1531.26, -24.2251
1531.23, -28.616
1531.2, -37.6233
1531.17, -37.0781
1531.13, -28.3946
1531.1, -24.0844
1531.07, -21.2388
1531.04, -19.1316
1531, -17.4733
1530.97, -16.1185
1530.94, -14.9832
1530.91, -14.0139
1530.87, -13.1743
1530.84, -12.4383
1530.81, -11.7868
1530.77, -11.2054
1530.74, -10.6836
1530.71, -10.2135
1530.68, -9.78961
1530.64, -9.40813
1530.61, -9.06675
1530.58, -8.76418
1530.55, -8.49975
1530.51, -8.27317
1530.48, -8.08424
1530.45, -7.93262
1530.42, -7.81772
1530.38, -7.73865
1530.35, -7.69427
1530.32, -7.68328
1530.29, -7.70474
1530.25, -7.7575
1530.22, -7.84028
1530.19, -7.95257
1530.16, -8.0943
1530.12, -8.26589
1530.09, -8.4683
1530.06, -8.70298
1530.03, -8.97192
1529.99, -9.27765
1529.96, -9.62332
1529.93, -10.0128
1529.9, -10.4507
1529.86, -10.943
1529.83, -11.4969
1529.8, -12.1219
1529.77, -12.8297
1529.73, -13.636
1529.7, -14.5615
1529.67, -15.635
1529.64, -16.8977
1529.6, -18.4123
1529.57, -20.2821
1529.54, -22.6967
1529.51, -26.0677
1529.47, -31.6005
1529.44, -44.9526
1529.41, -33.2234
1529.38, -27.0057
1529.34, -23.4273
1529.31, -20.9252
1529.28, -19.0083
1529.25, -17.4599
1529.21, -16.1658
1529.18, -15.059
1529.15, -14.0974
1529.12, -13.2533
1529.08, -12.508
1529.05, -11.8482
1529.02, -11.2642
1528.99, -10.7484
1528.95, -10.2947
1528.92, -9.89753
1528.89, -9.55174
1528.86, -9.25258
1528.82, -8.99556
1528.79, -8.77662
1528.76, -8.5922
1528.73, -8.4394
1528.69, -8.31602
1528.66, -8.22062
1528.63, -8.15248
1528.6, -8.11149
1528.57, -8.0981
1528.53, -8.11316
1528.5, -8.1578
1528.47, -8.23328
1528.44, -8.34092
1528.4, -8.48209
1528.37, -8.65817
1528.34, -8.87065
1528.31, -9.12117
1528.27, -9.41173
1528.24, -9.74477
1528.21, -10.1233
1528.18, -10.5512
1528.14, -11.033
1528.11, -11.5747
1528.08, -12.1834
1528.05, -12.8683
1528.01, -13.641
1527.98, -14.5173
1527.95, -15.5184
1527.92, -16.675
1527.88, -18.0334
1527.85, -19.6671
1527.82, -21.7039
1527.79, -24.3932
1527.75, -28.3299
1527.72, -35.6255
1527.69, -41.7463
1527.66, -30.6711
1527.62, -25.7813
1527.59, -22.6722
1527.56, -20.4042
1527.53, -18.6311
1527.49, -17.187
1527.46, -15.9797
1527.43, -14.9517
1527.4, -14.0646
1527.37, -13.2912
1527.33, -12.6112
1527.3, -12.0091
1527.27, -11.4732
1527.24, -10.9952
1527.2, -10.5675
1527.17, -10.185
1527.14, -9.84444
1527.11, -9.54377
1527.07, -9.28174
1527.04, -9.05775
1527.01, -8.87144
1526.98, -8.72247
1526.94, -8.6103
1526.91, -8.5341
1526.88, -8.49274
1526.85, -8.48481
1526.81, -8.50883
1526.78, -8.5634
1526.75, -8.64739
1526.72, -8.7601
1526.69, -8.90138
1526.65, -9.07171
1526.62, -9.27223
1526.59, -9.50463
1526.56, -9.77121
1526.52, -10.0747
1526.49, -10.4184
1526.46, -10.806
1526.43, -11.2417
1526.39, -11.7307
1526.36, -12.2792
1526.33, -12.8951
1526.3, -13.5887
1526.26, -14.3737
1526.23, -15.2686
1526.2, -16.2996
1526.17, -17.5041
1526.14, -18.939
1526.1, -20.6962
1526.07, -22.9392
1526.04, -26.0063
1526.01, -30.8019
1525.97, -41.4705
1525.94, -36.3664
1525.91, -28.8661
1525.88, -24.8814
1525.84, -22.1804
1525.81, -20.1464
1525.78, -18.5221
1525.75, -17.1761
1525.71, -16.0327
1525.68, -15.045
1525.65, -14.1821
1525.62, -13.4233
1525.59, -12.7542
1525.55, -12.1643
1525.52, -11.6457
1525.49, -11.1917
1525.46, -10.7968
1525.42, -10.4554
1525.39, -10.1623
1525.36, -9.91233
1525.33, -9.70075
1525.29, -9.52311
1525.26, -9.37565
1525.23, -9.25541
1525.2, -9.16036
1525.17, -9.0894
1525.13, -9.04239
1525.1, -9.02
1525.07, -9.02358
1525.04, -9.05495
1525, -9.11621
1524.97, -9.20949
1524.94, -9.33684
1524.91, -9.50012
1524.87, -9.70097
1524.84, -9.94091
1524.81, -10.2215
1524.78, -10.5445
1524.75, -10.9122
1524.71, -11.3276
1524.68, -11.7946
1524.65, -12.3184
1524.62, -12.9057
1524.58, -13.5652
1524.55, -14.3081
1524.52, -15.1493
1524.49, -16.1091
1524.45, -17.216
1524.42, -18.5121
1524.39, -20.0633
1524.36, -21.9809
1524.33, -24.4751
1524.29, -28.0181
1524.26, -34.0887
1524.23, -46.6454
1524.2, -33.1514
1524.16, -27.4999
1524.13, -24.0975
1524.1, -21.6762
1524.07, -19.8106
1524.04, -18.3074
1524, -17.0616
1523.97, -16.0097
1523.94, -15.1097
1523.91, -14.3314
1523.87, -13.6525
1523.84, -13.0555
1523.81, -12.5265
1523.78, -12.0546
1523.75, -11.6315
1523.71, -11.2508
1523.68, -10.908
1523.65, -10.6006
1523.62, -10.327
1523.58, -10.087
1523.55, -9.8811
1523.52, -9.71009
1523.49, -9.57483
1523.45, -9.47591
1523.42, -9.4135
1523.39, -9.38723
1523.36, -9.39625
1523.33, -9.43936
1523.29, -9.51524
1523.26, -9.62268
1523.23, -9.76079
1523.2, -9.92922
1523.16, -10.1282
1523.13, -10.3587
1523.1, -10.6222
1523.07, -10.921
1523.04, -11.2579
1523, -11.6364
1522.97, -12.0605
1522.94, -12.5351
1522.91, -13.0661
1522.87, -13.6611
1522.84, -14.3297
1522.81, -15.0849
1522.78, -15.9439
1522.75, -16.931
1522.71, -18.0808
1522.68, -19.445
1522.65, -21.1054
1522.62, -23.2038
1522.59, -26.02
1522.55, -30.2449
1522.52, -38.5559
1522.49, -40.5152
1522.46, -31.0698
1522.42, -26.5932
1522.39, -23.6862
1522.36, -21.5481
1522.33, -19.8671
1522.3, -18.4893
1522.26, -17.3272
1522.23, -16.3268
1522.2, -15.4527
1522.17, -14.6814
1522.13, -13.9967
1522.1, -13.3871
1522.07, -12.845
1522.04, -12.3645
1522.01, -11.9411
1521.97, -11.571
1521.94, -11.2504
1521.91, -10.9756
1521.88, -10.7429
1521.84, -10.5484
1521.81, -10.3884
1521.78, -10.2599
1521.75, -10.1602
1521.72, -10.0875
1521.68, -10.0408
1521.65, -10.0199
1521.62, -10.0253
1521.59, -10.0581
1521.56, -10.12
1521.52, -10.2126
1521.49, -10.3375
1521.46, -10.4966
1521.43, -10.6911
1521.39, -10.9226
1521.36, -11.1924
1521.33, -11.5023
1521.3, -11.8543
1521.27, -12.2514
1521.23, -12.6976
1521.2, -13.1987
1521.17, -13.7622
1521.14, -14.3963
1521.11, -15.1123
1521.07, -15.9254
1521.04, -16.8553
1521.01, -17.929
1520.98, -19.185
1520.94, -20.6822
1520.91, -22.5172
1520.88, -24.8669
1520.85, -28.1088
1520.82, -33.3089
1520.78, -45.6868
1520.75, -36.5096
1520.72, -29.7966
1520.69, -26.0427
1520.66, -23.4473
1520.62, -21.4747
1520.59, -19.8945
1520.56, -18.5871
1520.53, -17.4825
1520.5, -16.5355
1520.46, -15.7152
1520.43, -14.9989
1520.4, -14.3693
1520.37, -13.8126
1520.33, -13.3177
1520.3, -12.8759
1520.27, -12.4804
1520.24, -12.1263
1520.21, -11.81
1520.17, -11.5298
1520.14, -11.2848
1520.11, -11.0749
1520.08, -10.9008
1520.05, -10.7631
1520.01, -10.6622
1519.98, -10.5982
1519.95, -10.5705
1519.92, -10.5781
1519.89, -10.6194
1519.85, -10.6928
1519.82, -10.7965
1519.79, -10.9293
1519.76, -11.0905
1519.72, -11.28
1519.69, -11.499
1519.66, -11.7492
1519.63, -12.0334
1519.6, -12.3553
1519.56, -12.719
1519.53, -13.1296
1519.5, -13.5925
1519.47, -14.114
1519.44, -14.7016
1519.4, -15.3642
1519.37, -16.1132
1519.34, -16.9638
1519.31, -17.9373
1519.28, -19.0638
1519.24, -20.3886
1519.21, -21.9831
1519.18, -23.9686
1519.15, -26.5768
1519.12, -30.3429
1519.08, -37.0531
1519.05, -46.4417
1519.02, -34.0318
1518.99, -28.8616
1518.96, -25.6647
1518.92, -23.3643
1518.89, -21.5774
1518.86, -20.1237
1518.83, -18.9037
1518.8, -17.8571
1518.76, -16.945
1518.73, -16.1416
1518.7, -15.429
1518.67, -14.7953
1518.63, -14.2322
1518.6, -13.7337
1518.57, -13.2955
1518.54, -12.9138
1518.51, -12.585
1518.47, -12.3052
1518.44, -12.0704
1518.41, -11.8762
1518.38, -11.7183
1518.35, -11.5925
1518.31, -11.4953
1518.28, -11.4238
1518.25, -11.3762
1518.22, -11.3517
1518.19, -11.3504
1518.15, -11.3747
1518.12, -11.4256
1518.09, -11.5052
1518.06, -11.6164
1518.03, -11.7618
1517.99, -11.9441
1517.96, -12.1656
1517.93, -12.4282
1517.9, -12.7339
1517.87, -13.0847
1517.83, -13.4828
1517.8, -13.9314
1517.77, -14.4346
1517.74, -14.9983
1517.71, -15.6299
1517.67, -16.3397
1517.64, -17.1408
1517.61, -18.0512
1517.58, -19.0951
1517.55, -20.3073
1517.51, -21.7401
1517.48, -23.4779
1517.45, -25.6703
1517.42, -28.6223
1517.39, -33.1206
1517.35, -42.4884
1517.32, -40.907
1517.29, -32.5135
1517.26, -28.2655
1517.23, -25.4301
1517.19, -23.3106
1517.16, -21.6283
1517.13, -20.2445
1517.1, -19.0804
1517.07, -18.0868
1517.04, -17.2304
1517, -16.4873
1516.97, -15.8389
1516.94, -15.2705
1516.91, -14.77
1516.88, -14.3271
1516.84, -13.9337
1516.81, -13.5832
1516.78, -13.2709
1516.75, -12.9934
1516.72, -12.749
1516.68, -12.5369
1516.65, -12.3573
1516.62, -12.211
1516.59, -12.099
1516.56, -12.0222
1516.52, -11.9812
1516.49, -11.9759
1516.46, -12.0059
1516.43, -12.0703
1516.4, -12.168
1516.36, -12.2978
1516.33, -12.4589
1516.3, -12.6511
1516.27, -12.8747
1516.24, -13.1309
1516.2, -13.4217
1516.17, -13.7498
1516.14, -14.1184
1516.11, -14.5317
1516.08, -14.9941
1516.04, -15.5111
1516.01, -16.0891
1515.98, -16.736
1515.95, -17.4622
1515.92, -18.2815
1515.89, -19.2132
1515.85, -20.2848
1515.82, -21.5373
1515.79, -23.034
1515.76, -24.8804
1515.73, -27.2703
1515.69, -30.6247
1515.66, -36.1814
1515.63, -49.615
1515.6, -37.4463
1515.57, -31.2864
1515.53, -27.7254
1515.5, -25.2389
1515.47, -23.3434
1515.44, -21.8232
1515.41, -20.563
1515.37, -19.4938
1515.34, -18.5709
1515.31, -17.7642
1515.28, -17.053
1515.25, -16.4225
1515.22, -15.8625
1515.18, -15.3655
1515.15, -14.9262
1515.12, -14.542
1515.09, -14.2078
1515.06, -13.9203
1515.02, -13.6763
1514.99, -13.4723
1514.96, -13.305
1514.93, -13.1711
1514.9, -13.0676
1514.86, -12.9923
1514.83, -12.9435
1514.8, -12.9202
1514.77, -12.9225
1514.74, -12.9511
1514.71, -13.0071
1514.67, -13.0924
1514.64, -13.2088
1514.61, -13.3582
1514.58, -13.5424
1514.55, -13.7628
1514.51, -14.0208
1514.48, -14.3178
1514.45, -14.6553
1514.42, -15.0352
1514.39, -15.4606
1514.35, -15.9355
1514.32, -16.4655
1514.29, -17.0585
1514.26, -17.7245
1514.23, -18.4769
1514.2, -19.3334
1514.16, -20.3175
1514.13, -21.4621
1514.1, -22.815
1514.07, -24.4513
1514.04, -26.4989
1514, -29.2067
1513.97, -33.1676
1513.94, -40.4882
1513.91, -46.6931
1513.88, -35.6289
1513.85, -30.7697
1513.81, -27.6912
1513.78, -25.4503
1513.75, -23.7002
1513.72, -22.275
1513.69, -21.0831
1513.65, -20.0685
1513.62, -19.1942
1513.59, -18.4341
1513.56, -17.7691
1513.53, -17.1842
1513.5, -16.6675
1513.46, -16.2094
1513.43, -15.802
1513.4, -15.4392
1513.37, -15.1164
1513.34, -14.8302
1513.3, -14.5787
1513.27, -14.3608
1513.24, -14.1762
1513.21, -14.0252
1513.18, -13.9085
1513.15, -13.8263
1513.11, -13.7789
1513.08, -13.766
1513.05, -13.787
1513.02, -13.8409
1512.99, -13.9265
1512.95, -14.0427
1512.92, -14.1887
1512.89, -14.3641
1512.86, -14.5693
1512.83, -14.8055
1512.8, -15.0749
1512.76, -15.3801
1512.73, -15.7251
1512.7, -16.1142
1512.67, -16.5527
1512.64, -17.0466
1512.61, -17.6028
1512.57, -18.2296
1512.54, -18.9373
1512.51, -19.7389
1512.48, -20.6521
1512.45, -21.7017
1512.41, -22.9239
1512.38, -24.3738
1512.35, -26.1416
1512.32, -28.3885
1512.29, -31.4476
1512.26, -36.2031
1512.22, -46.6553
1512.19, -42.1533
1512.16, -34.5342
1512.13, -30.5293
1512.1, -27.8328
1512.07, -25.8144
1512.03, -24.2121
1512, -22.8919
1511.97, -21.7757
1511.94, -20.8142
1511.91, -19.9745
1511.87, -19.234
1511.84, -18.577
1511.81, -17.9922
1511.78, -17.4715
1511.75, -17.0094
1511.72, -16.6014
1511.68, -16.2441
1511.65, -15.9344
1511.62, -15.6694
1511.59, -15.4463
1511.56, -15.2619
1511.53, -15.1133
1511.49, -14.9977
1511.46, -14.9127
1511.43, -14.8561
1511.4, -14.8268
1511.37, -14.824
1511.34, -14.8478
1511.3, -14.8988
1511.27, -14.9783
1511.24, -15.0879
1511.21, -15.2293
1511.18, -15.4047
1511.14, -15.6159
1511.11, -15.865
1511.08, -16.154
1511.05, -16.4849
1511.02, -16.8604
1510.99, -17.2834
1510.95, -17.7579
1510.92, -18.289
1510.89, -18.8835
1510.86, -19.5502
1510.83, -20.3008
1510.8, -21.1507
1510.76, -22.1206
1510.73, -23.2394
1510.7, -24.5492
1510.67, -26.1151
1510.64, -28.0461
1510.61, -30.5461
1510.57, -34.07
1510.54, -40.0184
1510.51, -53.1838
1510.48, -39.7822
1510.45, -34.013
1510.42, -30.579
1510.38, -28.1434
1510.35, -26.265
1510.32, -24.7451
1510.29, -23.4777
1510.26, -22.3997
1510.23, -21.4707
1510.19, -20.6631
1510.16, -19.9571
1510.13, -19.3376
1510.1, -18.7928
1510.07, -18.3131
1510.04, -17.8904
1510, -17.5183
1509.97, -17.1913
1509.94, -16.9051
1509.91, -16.6566
1509.88, -16.4434
1509.85, -16.264
1509.81, -16.1175
1509.78, -16.0033
1509.75, -15.9214
1509.72, -15.8717
1509.69, -15.8542
1509.66, -15.8688
1509.62, -15.9153
1509.59, -15.9934
1509.56, -16.103
1509.53, -16.244
1509.5, -16.4167
1509.47, -16.6217
1509.43, -16.8603
1509.4, -17.1339
1509.37, -17.4451
1509.34, -17.7965
1509.31, -18.1917
1509.28, -18.6348
1509.24, -19.1306
1509.21, -19.6849
1509.18, -20.3049
1509.15, -20.9996
1509.12, -21.7807
1509.09, -22.6644
1509.05, -23.6731
1509.02, -24.8391
1508.99, -26.2112
1508.96, -27.8678
1508.93, -29.9444
1508.9, -32.7085
1508.86, -36.8103
1508.83, -44.6793
1508.8, -48.299
1508.77, -38.2285
1508.74, -33.5872
1508.71, -30.598
1508.67, -28.4087
1508.64, -26.6948
1508.61, -25.2981
1508.58, -24.1291
1508.55, -23.1322
1508.52, -22.2706
1508.49, -21.5185
1508.45, -20.8575
1508.42, -20.2738
1508.39, -19.7573
1508.36, -19.3004
1508.33, -18.8971
1508.3, -18.5429
1508.26, -18.2339
1508.23, -17.967
1508.2, -17.7397
1508.17, -17.5494
1508.14, -17.3941
1508.11, -17.2719
1508.07, -17.181
1508.04, -17.1202
1508.01, -17.0885
1507.98, -17.0853
1507.95, -17.1105
1507.92, -17.1643
1507.88, -17.2474
1507.85, -17.3605
1507.82, -17.5049
1507.79, -17.6818
1507.76, -17.8926
1507.73, -18.1387
1507.7, -18.4218
1507.66, -18.7438
1507.63, -19.1069
1507.6, -19.514
1507.57, -19.9688
1507.54, -20.476
1507.51, -21.042
1507.47, -21.6751
1507.44, -22.3862
1507.41, -23.1896
1507.38, -24.1048
1507.35, -25.1587
1507.32, -26.3895
1507.29, -27.8555
1507.25, -29.651
1507.22, -31.9453
1507.19, -35.0936
1507.16, -40.0661
1507.13, -51.4789
1507.1, -44.616
1507.06, -37.4917
1507.03, -33.6276
1507, -30.993
1506.97, -29.0075
1506.94, -27.4257
1506.91, -26.1211
1506.88, -25.0199
1506.84, -24.0755
1506.81, -23.2565
1506.78, -22.5409
1506.75, -21.9122
1506.72, -21.3581
1506.69, -20.869
1506.65, -20.4371
1506.62, -20.056
1506.59, -19.7207
1506.56, -19.4272
1506.53, -19.1721
1506.5, -18.9529
1506.47, -18.7678
1506.43, -18.6156
1506.4, -18.4953
1506.37, -18.4064
1506.34, -18.3487
1506.31, -18.3221
1506.28, -18.3264
1506.24, -18.3617
1506.21, -18.4279
1506.18, -18.5251
1506.15, -18.6534
1506.12, -18.8131
1506.09, -19.0048
1506.06, -19.2292
1506.02, -19.4871
1505.99, -19.7812
1505.96, -20.114
1505.93, -20.4887
1505.9, -20.9093
1505.87, -21.3806
1505.84, -21.9086
1505.8, -22.5006
1505.77, -23.166
1505.74, -23.9163
1505.71, -24.7672
1505.68, -25.7395
1505.65, -26.8626
1505.61, -28.1799
1505.58, -29.759
1505.55, -31.714
1505.52, -34.2606
1505.49, -37.8867
1505.46, -44.1451
1505.43, -56.0727
1505.39, -42.7243
1505.36, -37.2384
1505.33, -33.9231
1505.3, -31.5637
1505.27, -29.7457
1505.24, -28.2782
1505.21, -27.0574
1505.17, -26.0205
1505.14, -25.1263
1505.11, -24.3468
1505.08, -23.6618
1505.05, -23.0563
1505.02, -22.5193
1504.99, -22.0423
1504.95, -21.6191
1504.92, -21.2446
1504.89, -20.9153
1504.86, -20.628
1504.83, -20.3807
1504.8, -20.1713
1504.77, -19.9982
1504.73, -19.8601
1504.7, -19.7555
1504.67, -19.6834
1504.64, -19.6427
1504.61, -19.6324
1504.58, -19.652
1504.54, -19.7009
1504.51, -19.7791
1504.48, -19.8868
1504.45, -20.0246
1504.42, -20.1934
1504.39, -20.3945
1504.36, -20.6296
1504.32, -20.9007
1504.29, -21.2101
1504.26, -21.5606
1504.23, -21.9556
1504.2, -22.3991
1504.17, -22.8958
1504.14, -23.4518
1504.1, -24.0748
1504.07, -24.7744
1504.04, -25.5636
1504.01, -26.4594
1503.98, -27.4857
1503.95, -28.6762
1503.92, -30.0817
1503.89, -31.7829
1503.85, -33.9206
1503.82, -36.7751
1503.79, -41.0424
1503.76, -49.4414
1503.73, -51.1645
1503.7, -41.8038
1503.67, -37.346
1503.63, -34.443
1503.6, -32.3032
1503.57, -30.6192
1503.54, -29.2396
1503.51, -28.0789
1503.48, -27.0843
1503.45, -26.2211
1503.41, -25.4654
1503.38, -24.8003
1503.35, -24.2131
1503.32, -23.6943
1503.29, -23.2366
1503.26, -22.834
1503.23, -22.4815
1503.19, -22.175
1503.16, -21.9108
1503.13, -21.686
1503.1, -21.4978
1503.07, -21.3441
1503.04, -21.223
1503.01, -21.1316
1502.97, -21.0699
1502.94, -21.0378
1502.91, -21.0352
1502.88, -21.0619
1502.85, -21.1183
1502.82, -21.2049
1502.79, -21.3224
1502.76, -21.4717
1502.72, -21.6537
1502.69, -21.8696
1502.66, -22.1211
1502.63, -22.4098
1502.6, -22.7381
1502.57, -23.1086
1502.54, -23.5249
1502.5, -23.9912
1502.47, -24.5129
1502.44, -25.0966
1502.41, -25.7505
1502.38, -26.4856
1502.35, -27.3156
1502.32, -28.2594
1502.28, -29.3432
1502.25, -30.6051
1502.22, -32.1036
1502.19, -33.935
1502.16, -36.2747
1502.13, -39.4956
1502.1, -44.6404
1502.07, -56.7987
1502.03, -48.1634
1502, -41.3583
1501.97, -37.5823
1501.94, -34.9824
1501.91, -33.0122
1501.88, -31.4372
1501.85, -30.1357
1501.81, -29.0363
1501.78, -28.0934
1501.75, -27.2762
1501.72, -26.5624
1501.69, -25.9359
1501.66, -25.3839
1501.63, -24.8968
1501.6, -24.4669
1501.56, -24.0881
1501.53, -23.7556
1501.5, -23.4655
1501.47, -23.215
1501.44, -23.0018
1501.41, -22.8241
1501.38, -22.6807
1501.34, -22.5704
1501.31, -22.4925
1501.28, -22.4461
1501.25, -22.4308
1501.22, -22.4459
1501.19, -22.4912
1501.16, -22.5665
1501.13, -22.6719
1501.09, -22.8077
1501.06, -22.9746
1501.03, -23.1736
1501, -23.4062
1500.97, -23.674
1500.94, -23.9792
1500.91, -24.3244
1500.88, -24.7126
1500.84, -25.1473
1500.81, -25.633
1500.78, -26.1749
1500.75, -26.7798
1500.72, -27.4564
1500.69, -28.216
1500.66, -29.0742
1500.63, -30.052
1500.59, -31.1799
1500.56, -32.5025
1500.53, -34.0897
1500.5, -36.0599
1500.47, -38.6374
1500.44, -42.335
1500.41, -48.8252
1500.38, -59.4719
1500.34, -46.5469
1500.31, -41.2327
1500.28, -37.9812
1500.25, -35.6547
1500.22, -33.8566
1500.19, -32.4024
1500.16, -31.191
1500.13, -30.1612
1500.09, -29.2732
1500.06, -28.4998
1500.03, -27.8216


