

wavelength(nm), Y
1600, -21.3864
1599.96, -20.4539
1599.93, -19.6304
1599.89, -18.896
1599.86, -18.2353
1599.82, -17.6361
1599.79, -17.0887
1599.75, -16.5854
1599.72, -16.1202
1599.68, -15.6889
1599.64, -15.2884
1599.61, -14.9173
1599.57, -14.5752
1599.54, -14.2622
1599.5, -13.9792
1599.47, -13.7273
1599.43, -13.5075
1599.4, -13.3201
1599.36, -13.1651
1599.32, -13.0412
1599.29, -12.9464
1599.25, -12.8782
1599.22, -12.8331
1599.18, -12.8079
1599.15, -12.7991
1599.11, -12.8038
1599.08, -12.8196
1599.04, -12.845
1599.01, -12.8793
1598.97, -12.923
1598.93, -12.9772
1598.9, -13.0437
1598.86, -13.1253
1598.83, -13.2251
1598.79, -13.3466
1598.76, -13.493
1598.72, -13.6678
1598.69, -13.8736
1598.65, -14.1128
1598.61, -14.3874
1598.58, -14.6987
1598.54, -15.048
1598.51, -15.4369
1598.47, -15.867
1598.44, -16.341
1598.4, -16.8626
1598.37, -17.4371
1598.33, -18.0716
1598.3, -18.7757
1598.26, -19.5621
1598.22, -20.4482
1598.19, -21.4576
1598.15, -22.6236
1598.12, -23.9956
1598.08, -25.6519
1598.05, -27.728
1598.01, -30.4917
1597.98, -34.6039
1597.94, -42.7067
1597.9, -47.3268
1597.87, -36.1365
1597.83, -31.3715
1597.8, -28.3115
1597.76, -26.0578
1597.73, -24.2776
1597.69, -22.8112
1597.66, -21.57
1597.62, -20.4996
1597.59, -19.5643
1597.55, -18.739
1597.51, -18.0054
1597.48, -17.349
1597.44, -16.7582
1597.41, -16.2234
1597.37, -15.7364
1597.34, -15.2901
1597.3, -14.8787
1597.27, -14.4976
1597.23, -14.1433
1597.2, -13.8134
1597.16, -13.5066
1597.13, -13.2226
1597.09, -12.962
1597.05, -12.7259
1597.02, -12.516
1596.98, -12.3338
1596.95, -12.1807
1596.91, -12.0576
1596.88, -11.9646
1596.84, -11.9007
1596.81, -11.8646
1596.77, -11.8537
1596.74, -11.8655
1596.7, -11.897
1596.66, -11.9456
1596.63, -12.0088
1596.59, -12.085
1596.56, -12.1735
1596.52, -12.2741
1596.49, -12.3876
1596.45, -12.5156
1596.42, -12.6604
1596.38, -12.825
1596.35, -13.0125
1596.31, -13.2262
1596.28, -13.4696
1596.24, -13.7458
1596.2, -14.0577
1596.17, -14.4081
1596.13, -14.7994
1596.1, -15.2345
1596.06, -15.7164
1596.03, -16.2492
1595.99, -16.8382
1595.96, -17.4907
1595.92, -18.2163
1595.89, -19.0285
1595.85, -19.9457
1595.82, -20.994
1595.78, -22.2108
1595.74, -23.653
1595.71, -25.4128
1595.67, -27.6551
1595.64, -30.7239
1595.6, -35.5596
1595.57, -47.3399
1595.53, -41.3706
1595.5, -33.5273
1595.46, -29.4641
1595.43, -26.7098
1595.39, -24.6283
1595.36, -22.9591
1595.32, -21.5701
1595.29, -20.3856
1595.25, -19.3584
1595.21, -18.4571
1595.18, -17.66
1595.14, -16.9511
1595.11, -16.3182
1595.07, -15.7513
1595.04, -15.2419
1595, -14.7825
1594.97, -14.3662
1594.93, -13.987
1594.9, -13.6394
1594.86, -13.3187
1594.83, -13.021
1594.79, -12.7435
1594.76, -12.4846
1594.72, -12.2431
1594.68, -12.0192
1594.65, -11.814
1594.61, -11.6291
1594.58, -11.4667
1594.54, -11.3289
1594.51, -11.2179
1594.47, -11.1353
1594.44, -11.082
1594.4, -11.0578
1594.37, -11.0618
1594.33, -11.0925
1594.3, -11.1474
1594.26, -11.224
1594.23, -11.3199
1594.19, -11.4328
1594.15, -11.5612
1594.12, -11.7043
1594.08, -11.8618
1594.05, -12.0346
1594.01, -12.2245
1593.98, -12.4338
1593.94, -12.6656
1593.91, -12.9235
1593.87, -13.2112
1593.84, -13.5328
1593.8, -13.8924
1593.77, -14.2941
1593.73, -14.7423
1593.7, -15.2416
1593.66, -15.7975
1593.63, -16.4166
1593.59, -17.1074
1593.55, -17.8816
1593.52, -18.7545
1593.48, -19.748
1593.45, -20.8934
1593.41, -22.2376
1593.38, -23.8543
1593.34, -25.87
1593.31, -28.5295
1593.27, -32.4149
1593.24, -39.6495
1593.2, -48.996
1593.17, -35.4191
1593.13, -30.3162
1593.1, -27.1315
1593.06, -24.8169
1593.03, -23.0016
1592.99, -21.5109
1592.96, -20.2491
1592.92, -19.1579
1592.89, -18.1998
1592.85, -17.3497
1592.81, -16.5901
1592.78, -15.9083
1592.74, -15.295
1592.71, -14.743
1592.67, -14.2461
1592.64, -13.799
1592.6, -13.3965
1592.57, -13.0336
1592.53, -12.7057
1592.5, -12.4079
1592.46, -12.1363
1592.43, -11.887
1592.39, -11.6571
1592.36, -11.4446
1592.32, -11.2482
1592.29, -11.0677
1592.25, -10.9038
1592.22, -10.7579
1592.18, -10.6322
1592.15, -10.5289
1592.11, -10.4506
1592.08, -10.3995
1592.04, -10.3769
1592, -10.3837
1591.97, -10.4198
1591.93, -10.484
1591.9, -10.5747
1591.86, -10.6896
1591.83, -10.8264
1591.79, -10.9831
1591.76, -11.1579
1591.72, -11.3497
1591.69, -11.5584
1591.65, -11.7845
1591.62, -12.0296
1591.58, -12.2962
1591.55, -12.5874
1591.51, -12.9073
1591.48, -13.26
1591.44, -13.6506
1591.41, -14.0842
1591.37, -14.5664
1591.34, -15.1036
1591.3, -15.7029
1591.27, -16.3731
1591.23, -17.1252
1591.2, -17.974
1591.16, -18.9399
1591.13, -20.0516
1591.09, -21.3524
1591.05, -22.9096
1591.02, -24.8373
1590.98, -27.3513
1590.95, -30.942
1590.91, -37.2161
1590.88, -55.1419
1590.84, -36.0475
1590.81, -30.3381
1590.77, -26.93
1590.74, -24.5008
1590.7, -22.6178
1590.67, -21.0839
1590.63, -19.7929
1590.6, -18.6809
1590.56, -17.7068
1590.53, -16.843
1590.49, -16.0702
1590.46, -15.3749
1590.42, -14.7475
1590.39, -14.181
1590.35, -13.6703
1590.32, -13.2109
1590.28, -12.7992
1590.25, -12.4314
1590.21, -12.1037
1590.18, -11.8119
1590.14, -11.5518
1590.11, -11.3191
1590.07, -11.1098
1590.04, -10.92
1590, -10.7467
1589.97, -10.5877
1589.93, -10.4415
1589.9, -10.3075
1589.86, -10.1864
1589.83, -10.0796
1589.79, -9.98901
1589.75, -9.91742
1589.72, -9.86761
1589.68, -9.84234
1589.65, -9.84397
1589.61, -9.8742
1589.58, -9.93393
1589.54, -10.0232
1589.51, -10.1412
1589.47, -10.2868
1589.44, -10.4582
1589.4, -10.6539
1589.37, -10.8727
1589.33, -11.1138
1589.3, -11.3772
1589.26, -11.6637
1589.23, -11.9752
1589.19, -12.3143
1589.16, -12.6846
1589.12, -13.0904
1589.09, -13.5369
1589.05, -14.0298
1589.02, -14.576
1588.98, -15.1832
1588.95, -15.8608
1588.91, -16.6206
1588.88, -17.4779
1588.84, -18.4536
1588.81, -19.5775
1588.77, -20.894
1588.74, -22.4729
1588.7, -24.4335
1588.67, -27.0039
1588.63, -30.7139
1588.6, -37.3809
1588.56, -51.1328
1588.53, -34.8204
1588.49, -29.3966
1588.46, -26.0896
1588.42, -23.7133
1588.39, -21.8648
1588.35, -20.3576
1588.32, -19.0895
1588.28, -17.9982
1588.25, -17.0431
1588.21, -16.1959
1588.18, -15.437
1588.14, -14.7521
1588.11, -14.131
1588.07, -13.5663
1588.04, -13.0529
1588, -12.587
1587.97, -12.166
1587.93, -11.7876
1587.9, -11.4497
1587.86, -11.1499
1587.83, -10.8855
1587.79, -10.6533
1587.76, -10.45
1587.72, -10.2718
1587.69, -10.1152
1587.65, -9.97696
1587.62, -9.85433
1587.58, -9.74529
1587.55, -9.64881
1587.51, -9.56453
1587.48, -9.49308
1587.44, -9.43594
1587.41, -9.39526
1587.37, -9.37364
1587.34, -9.37386
1587.3, -9.3986
1587.27, -9.45016
1587.23, -9.53023
1587.2, -9.63974
1587.16, -9.77887
1587.13, -9.94716
1587.09, -10.1436
1587.06, -10.3672
1587.02, -10.6168
1586.99, -10.8919
1586.95, -11.1926
1586.92, -11.5196
1586.88, -11.8747
1586.85, -12.2609
1586.81, -12.682
1586.78, -13.1431
1586.74, -13.6504
1586.71, -14.2114
1586.67, -14.835
1586.64, -15.5321
1586.6, -16.3164
1586.57, -17.2055
1586.53, -18.2233
1586.5, -19.4038
1586.46, -20.7982
1586.43, -22.4886
1586.39, -24.62
1586.36, -27.485
1586.32, -31.8311
1586.29, -40.9513
1586.25, -41.7687
1586.22, -32.0905
1586.18, -27.6165
1586.15, -24.6908
1586.11, -22.5233
1586.08, -20.8093
1586.04, -19.3985
1586.01, -18.2047
1585.97, -17.1742
1585.94, -16.2704
1585.9, -15.4675
1585.87, -14.7467
1585.83, -14.0942
1585.8, -13.4995
1585.76, -12.9551
1585.73, -12.4559
1585.69, -11.9981
1585.66, -11.5795
1585.62, -11.1988
1585.59, -10.855
1585.55, -10.5475
1585.52, -10.2756
1585.48, -10.0377
1585.45, -9.83229
1585.41, -9.65679
1585.38, -9.50842
1585.34, -9.38403
1585.31, -9.28049
1585.27, -9.19487
1585.24, -9.12474
1585.2, -9.06828
1585.17, -9.02448
1585.13, -8.99336
1585.1, -8.97547
1585.07, -8.97227
1585.03, -8.98582
1585, -9.01861
1584.96, -9.0733
1584.93, -9.15249
1584.89, -9.25846
1584.86, -9.39302
1584.82, -9.55741
1584.79, -9.75229
1584.75, -9.97785
1584.72, -10.234
1584.68, -10.5208
1584.65, -10.8383
1584.61, -11.1873
1584.58, -11.5692
1584.54, -11.9866
1584.51, -12.443
1584.47, -12.9432
1584.44, -13.4933
1584.4, -14.1014
1584.37, -14.7772
1584.33, -15.5331
1584.3, -16.385
1584.26, -17.3539
1584.23, -18.4691
1584.19, -19.7733
1584.16, -21.3328
1584.12, -23.2598
1584.09, -25.7661
1584.05, -29.3337
1584.02, -35.5292
1583.98, -54.3269
1583.95, -34.6339
1583.91, -28.8471
1583.88, -25.4035
1583.84, -22.951
1583.81, -21.0518
1583.78, -19.5084
1583.74, -18.2147
1583.71, -17.1067
1583.67, -16.1427
1583.64, -15.2936
1583.6, -14.5381
1583.57, -13.8602
1583.53, -13.2474
1583.5, -12.69
1583.46, -12.1806
1583.43, -11.7137
1583.39, -11.2854
1583.36, -10.893
1583.32, -10.535
1583.29, -10.2106
1583.25, -9.91949
1583.22, -9.66147
1583.18, -9.43628
1583.15, -9.24326
1583.11, -9.08119
1583.08, -8.94826
1583.04, -8.84215
1583.01, -8.76012
1582.97, -8.69928
1582.94, -8.6568
1582.9, -8.63019
1582.87, -8.61747
1582.84, -8.61737
1582.8, -8.62941
1582.77, -8.65392
1582.73, -8.69218
1582.7, -8.74587
1582.66, -8.81733
1582.63, -8.90927
1582.59, -9.02452
1582.56, -9.1658
1582.52, -9.33557
1582.49, -9.53587
1582.45, -9.76826
1582.42, -10.0339
1582.38, -10.3338
1582.35, -10.6688
1582.31, -11.0401
1582.28, -11.4492
1582.24, -11.8987
1582.21, -12.3922
1582.17, -12.9346
1582.14, -13.5329
1582.1, -14.1958
1582.07, -14.9349
1582.04, -15.7654
1582, -16.7076
1581.97, -17.7895
1581.93, -19.0513
1581.9, -20.5545
1581.86, -22.4009
1581.83, -24.7773
1581.79, -28.091
1581.76, -33.5517
1581.72, -50.391
1581.69, -35.8053
1581.65, -29.1901
1581.62, -25.4758
1581.58, -22.8885
1581.55, -20.9078
1581.51, -19.3091
1581.48, -17.9753
1581.44, -16.8376
1581.41, -15.8517
1581.37, -14.9876
1581.34, -14.2233
1581.31, -13.5422
1581.27, -12.9311
1581.24, -12.3793
1581.2, -11.8781
1581.17, -11.4205
1581.13, -11.0006
1581.1, -10.6141
1581.06, -10.2579
1581.03, -9.92992
1580.99, -9.62918
1580.96, -9.3554
1580.92, -9.10896
1580.89, -8.89033
1580.85, -8.7001
1580.82, -8.53865
1580.78, -8.40592
1580.75, -8.30129
1580.72, -8.22357
1580.68, -8.17103
1580.65, -8.14162
1580.61, -8.13313
1580.58, -8.14346
1580.54, -8.17081
1580.51, -8.2139
1580.47, -8.2721
1580.44, -8.34546
1580.4, -8.43477
1580.37, -8.54146
1580.33, -8.66762
1580.3, -8.81553
1580.26, -8.98773
1580.23, -9.18684
1580.19, -9.41532
1580.16, -9.67544
1580.13, -9.96925
1580.09, -10.2986
1580.06, -10.6653
1580.02, -11.0714
1579.99, -11.5195
1579.95, -12.0129
1579.92, -12.5564
1579.88, -13.1561
1579.85, -13.8207
1579.81, -14.5614
1579.78, -15.3937
1579.74, -16.3384
1579.71, -17.4244
1579.67, -18.6933
1579.64, -20.2092
1579.61, -22.0777
1579.57, -24.4938
1579.54, -27.8871
1579.5, -33.567
1579.47, -52.5373
1579.43, -34.8352
1579.4, -28.5197
1579.36, -24.9076
1579.33, -22.3752
1579.29, -20.4297
1579.26, -18.8551
1579.22, -17.5377
1579.19, -16.4106
1579.16, -15.4311
1579.12, -14.5705
1579.09, -13.808
1579.05, -13.1283
1579.02, -12.5192
1578.98, -11.9711
1578.95, -11.4757
1578.91, -11.026
1578.88, -10.616
1578.84, -10.2407
1578.81, -9.89601
1578.77, -9.57885
1578.74, -9.28708
1578.71, -9.01947
1578.67, -8.7756
1578.64, -8.55576
1578.6, -8.3607
1578.57, -8.19144
1578.53, -8.0491
1578.5, -7.9344
1578.46, -7.84765
1578.43, -7.78861
1578.39, -7.75644
1578.36, -7.74975
1578.32, -7.76674
1578.29, -7.80541
1578.26, -7.86379
1578.22, -7.94019
1578.19, -8.03335
1578.15, -8.14264
1578.12, -8.2681
1578.08, -8.41051
1578.05, -8.57134
1578.01, -8.75265
1577.98, -8.957
1577.94, -9.18735
1577.91, -9.44684
1577.87, -9.73859
1577.84, -10.0658
1577.81, -10.4317
1577.77, -10.8396
1577.74, -11.2931
1577.7, -11.7965
1577.67, -12.3547
1577.63, -12.9745
1577.6, -13.6646
1577.56, -14.4366
1577.53, -15.3067
1577.49, -16.2969
1577.46, -17.4388
1577.43, -18.7792
1577.39, -20.3913
1577.36, -22.4002
1577.32, -25.0467
1577.29, -28.9006
1577.25, -36.0127
1577.22, -46.3073
1577.18, -32.1765
1577.15, -27.0132
1577.11, -23.8097
1577.08, -21.4886
1577.05, -19.6723
1577.01, -18.184
1576.98, -16.9268
1576.94, -15.8422
1576.91, -14.8925
1576.87, -14.0521
1576.84, -13.303
1576.8, -12.632
1576.77, -12.0291
1576.73, -11.4864
1576.7, -10.9972
1576.67, -10.5555
1576.63, -10.1563
1576.6, -9.7948
1576.56, -9.46675
1576.53, -9.1685
1576.49, -8.897
1576.46, -8.6499
1576.42, -8.42554
1576.39, -8.22304
1576.35, -8.04216
1576.32, -7.88325
1576.29, -7.74707
1576.25, -7.63463
1576.22, -7.54693
1576.18, -7.48481
1576.15, -7.44877
1576.11, -7.43891
1576.08, -7.45467
1576.04, -7.49515
1576.01, -7.55912
1575.98, -7.64523
1575.94, -7.75219
1575.91, -7.87897
1575.87, -8.02494
1575.84, -8.19008
1575.8, -8.37496
1575.77, -8.58085
1575.73, -8.80962
1575.7, -9.06374
1575.66, -9.34614
1575.63, -9.66011
1575.6, -10.0092
1575.56, -10.3974
1575.53, -10.8286
1575.49, -11.3074
1575.46, -11.8387
1575.42, -12.4286
1575.39, -13.0846
1575.35, -13.8167
1575.32, -14.638
1575.29, -15.567
1575.25, -16.6295
1575.22, -17.8636
1575.18, -19.328
1575.15, -21.1183
1575.11, -23.4081
1575.08, -26.5649
1575.04, -31.6222
1575.01, -44.9565
1574.98, -36.0435
1574.94, -28.7259
1574.91, -24.8133
1574.87, -22.1376
1574.84, -20.1093
1574.8, -18.4812
1574.77, -17.126
1574.73, -15.9696
1574.7, -14.9651
1574.67, -14.0812
1574.63, -13.2962
1574.6, -12.5947
1574.56, -11.9652
1574.53, -11.3991
1574.49, -10.8895
1574.46, -10.431
1574.42, -10.0186
1574.39, -9.64782
1574.36, -9.31464
1574.32, -9.01523
1574.29, -8.74589
1574.25, -8.50329
1574.22, -8.28457
1574.18, -8.0874
1574.15, -7.91006
1574.11, -7.75149
1574.08, -7.6113
1574.05, -7.48968
1574.01, -7.38738
1573.98, -7.30549
1573.94, -7.24535
1573.91, -7.20827
1573.87, -7.19546
1573.84, -7.20779
1573.8, -7.24576
1573.77, -7.30943
1573.74, -7.39852
1573.7, -7.5125
1573.67, -7.6506
1573.63, -7.81219
1573.6, -7.99686
1573.56, -8.20464
1573.53, -8.43606
1573.5, -8.69223
1573.46, -8.97493
1573.43, -9.28656
1573.39, -9.63015
1573.36, -10.0093
1573.32, -10.4282
1573.29, -10.8917
1573.25, -11.4053
1573.22, -11.9755
1573.19, -12.6101
1573.15, -13.3188
1573.12, -14.1143
1573.08, -15.0137
1573.05, -16.0407
1573.01, -17.2294
1572.98, -18.6321
1572.95, -20.3325
1572.91, -22.4791
1572.88, -25.3717
1572.84, -29.7831
1572.81, -39.2177
1572.77, -39.0714
1572.74, -29.713
1572.7, -25.3071
1572.67, -22.4114
1572.64, -20.2607
1572.6, -18.5567
1572.57, -17.1518
1572.53, -15.9615
1572.5, -14.9332
1572.46, -14.0315
1572.43, -13.2319
1572.4, -12.5168
1572.36, -11.8733
1572.33, -11.2919
1572.29, -10.7654
1572.26, -10.2883
1572.22, -9.85617
1572.19, -9.46562
1572.16, -9.11356
1572.12, -8.79722
1572.09, -8.51395
1572.05, -8.26117
1572.02, -8.03639
1571.98, -7.83723
1571.95, -7.66155
1571.92, -7.50763
1571.88, -7.37397
1571.85, -7.25963
1571.81, -7.16416
1571.78, -7.08763
1571.74, -7.03054
1571.71, -6.99375
1571.67, -6.97834
1571.64, -6.98546
1571.61, -7.01623
1571.57, -7.07157
1571.54, -7.15212
1571.5, -7.25825
1571.47, -7.39002
1571.43, -7.54732
1571.4, -7.72995
1571.37, -7.93778
1571.33, -8.17098
1571.3, -8.43009
1571.26, -8.71608
1571.23, -9.03064
1571.19, -9.37615
1571.16, -9.75579
1571.13, -10.1735
1571.09, -10.6343
1571.06, -11.1439
1571.02, -11.7093
1570.99, -12.3391
1570.95, -13.0435
1570.92, -13.8359
1570.89, -14.7336
1570.85, -15.7605
1570.82, -16.9505
1570.78, -18.355
1570.75, -20.0569
1570.71, -22.2023
1570.68, -25.0868
1570.65, -29.4686
1570.61, -38.7359
1570.58, -39.1278
1570.54, -29.5937
1570.51, -25.1517
1570.48, -22.2395
1570.44, -20.0785
1570.41, -18.3673
1570.37, -16.957
1570.34, -15.763
1570.3, -14.7322
1570.27, -13.8293
1570.24, -13.0293
1570.2, -12.3144
1570.17, -11.6709
1570.13, -11.0889
1570.1, -10.5609
1570.06, -10.0809
1570.03, -9.64471
1570, -9.24891
1569.96, -8.89095
1569.93, -8.56869
1569.89, -8.28028
1569.86, -8.02394
1569.82, -7.79787
1569.79, -7.60023
1569.76, -7.4291
1569.72, -7.28258
1569.69, -7.15885
1569.65, -7.05629
1569.62, -6.97356
1569.58, -6.90968
1569.55, -6.8641
1569.52, -6.83679
1569.48, -6.82804
1569.45, -6.8385
1569.41, -6.86918
1569.38, -6.92124
1569.35, -6.99598
1569.31, -7.09463
1569.28, -7.21834
1569.24, -7.36812
1569.21, -7.54482
1569.17, -7.74918
1569.14, -7.98194
1569.11, -8.24391
1569.07, -8.53615
1569.04, -8.86009
1569, -9.21772
1568.97, -9.61167
1568.94, -10.0454
1568.9, -10.5235
1568.87, -11.0514
1568.83, -11.636
1568.8, -12.2861
1568.76, -13.0125
1568.73, -13.8294
1568.7, -14.7554
1568.66, -15.8164
1568.63, -17.0492
1568.59, -18.5105
1568.56, -20.2923
1568.52, -22.5615
1568.49, -25.6683
1568.46, -30.5817
1568.42, -42.8427
1568.39, -35.9598
1568.35, -28.2902
1568.32, -24.2783
1568.29, -21.5527
1568.25, -19.4929
1568.22, -17.8434
1568.18, -16.4736
1568.15, -15.308
1568.11, -14.2989
1568.08, -13.4138
1568.05, -12.63
1568.01, -11.9305
1567.98, -11.3023
1567.94, -10.7356
1567.91, -10.2226
1567.88, -9.75714
1567.84, -9.33444
1567.81, -8.95083
1567.77, -8.60344
1567.74, -8.29009
1567.71, -8.00913
1567.67, -7.75904
1567.64, -7.53853
1567.6, -7.34635
1567.57, -7.18124
1567.53, -7.04184
1567.5, -6.92676
1567.47, -6.83459
1567.43, -6.76398
1567.4, -6.71371
1567.36, -6.68283
1567.33, -6.67065
1567.3, -6.67689
1567.26, -6.70162
1567.23, -6.74532
1567.19, -6.8088
1567.16, -6.89316
1567.13, -6.99974
1567.09, -7.13001
1567.06, -7.28536
1567.02, -7.46722
1566.99, -7.67699
1566.95, -7.916
1566.92, -8.18557
1566.89, -8.48714
1566.85, -8.82235
1566.82, -9.19324
1566.78, -9.6024
1566.75, -10.0532
1566.72, -10.5501
1566.68, -11.0987
1566.65, -11.7063
1566.61, -12.3823
1566.58, -13.1391
1566.55, -13.9926
1566.51, -14.9648
1566.48, -16.0861
1566.44, -17.4011
1566.41, -18.9794
1566.38, -20.9386
1566.34, -23.5031
1566.31, -27.1908
1566.27, -33.7602
1566.24, -48.7448
1566.2, -31.5917
1566.17, -26.0978
1566.14, -22.7673
1566.1, -20.3791
1566.07, -18.5231
1566.03, -17.0116
1566, -15.7426
1565.97, -14.6547
1565.93, -13.7079
1565.9, -12.8749
1565.86, -12.1357
1565.83, -11.4752
1565.8, -10.8819
1565.76, -10.3466
1565.73, -9.86198
1565.69, -9.42201
1565.66, -9.02189
1565.63, -8.65778
1565.59, -8.32671
1565.56, -8.02643
1565.52, -7.75527
1565.49, -7.51208
1565.46, -7.29603
1565.42, -7.10652
1565.39, -6.94307
1565.35, -6.80518
1565.32, -6.69233
1565.29, -6.60392
1565.25, -6.53911
1565.22, -6.49709
1565.18, -6.47702
1565.15, -6.47814
1565.12, -6.49986
1565.08, -6.54178
1565.05, -6.60381
1565.01, -6.68619
1564.98, -6.78947
1564.95, -6.91452
1564.91, -7.0625
1564.88, -7.23479
1564.84, -7.43294
1564.81, -7.65864
1564.78, -7.91367
1564.74, -8.19992
1564.71, -8.51949
1564.67, -8.87462
1564.64, -9.26791
1564.61, -9.70252
1564.57, -10.1824
1564.54, -10.7126
1564.5, -11.2995
1564.47, -11.9514
1564.44, -12.6792
1564.4, -13.4974
1564.37, -14.4254
1564.33, -15.4902
1564.3, -16.7307
1564.27, -18.2064
1564.23, -20.0141
1564.2, -22.3296
1564.16, -25.5277
1564.13, -30.675
1564.1, -44.6489
1564.06, -34.6657
1564.03, -27.5143
1563.99, -23.654
1563.96, -21.0057
1563.93, -18.9951
1563.89, -17.38
1563.86, -16.0356
1563.82, -14.889
1563.79, -13.8943
1563.76, -13.0205
1563.72, -12.2457
1563.69, -11.5542
1563.65, -10.9338
1563.62, -10.3751
1563.59, -9.87059
1563.55, -9.41403
1563.52, -9.00036
1563.48, -8.62536
1563.45, -8.28544
1563.42, -7.97771
1563.38, -7.69992
1563.35, -7.45032
1563.31, -7.22764
1563.28, -7.03099
1563.25, -6.85979
1563.21, -6.71366
1563.18, -6.59233
1563.14, -6.49555
1563.11, -6.42301
1563.08, -6.37431
1563.04, -6.34895
1563.01, -6.34634
1562.97, -6.36586
1562.94, -6.40692
1562.91, -6.4691
1562.87, -6.55212
1562.84, -6.6559
1562.81, -6.78077
1562.77, -6.92739
1562.74, -7.09679
1562.7, -7.29036
1562.67, -7.50982
1562.64, -7.75717
1562.6, -8.03468
1562.57, -8.34488
1562.53, -8.69054
1562.5, -9.07475
1562.47, -9.50101
1562.43, -9.97341
1562.4, -10.4969
1562.36, -11.0775
1562.33, -11.723
1562.3, -12.4437
1562.26, -13.2528
1562.23, -14.1686
1562.19, -15.2163
1562.16, -16.4326
1562.13, -17.8731
1562.09, -19.6279
1562.06, -21.8579
1562.03, -24.8965
1561.99, -29.6434
1561.96, -40.834
1561.92, -36.2206
1561.89, -28.0925
1561.86, -23.9722
1561.82, -21.2035
1561.79, -19.1232
1561.75, -17.4624
1561.72, -16.0854
1561.69, -14.914
1561.65, -13.8991
1561.62, -13.0081
1561.59, -12.2183
1561.55, -11.5134
1561.52, -10.8811
1561.48, -10.3121
1561.45, -9.79904
1561.42, -9.33585
1561.38, -8.91755
1561.35, -8.53988
1561.31, -8.19913
1561.28, -7.89214
1561.25, -7.61615
1561.21, -7.36888
1561.18, -7.14843
1561.14, -6.95335
1561.11, -6.7826
1561.08, -6.6355
1561.04, -6.51156
1561.01, -6.41062
1560.98, -6.33264
1560.94, -6.27769
1560.91, -6.24584
1560.87, -6.23714
1560.84, -6.25158
1560.81, -6.28906
1560.77, -6.34947
1560.74, -6.43268
1560.7, -6.53867
1560.67, -6.66753
1560.64, -6.81958
1560.6, -6.9954
1560.57, -7.19592
1560.54, -7.4224
1560.5, -7.67653
1560.47, -7.96031
1560.43, -8.27605
1560.4, -8.62656
1560.37, -9.01504
1560.33, -9.44519
1560.3, -9.92133
1560.27, -10.4486
1560.23, -11.0334
1560.2, -11.6835
1560.16, -12.4093
1560.13, -13.2243
1560.1, -14.1468
1560.06, -15.2027
1560.03, -16.4296
1559.99, -17.8847
1559.96, -19.6619
1559.93, -21.9301
1559.89, -25.0451
1559.86, -29.9933
1559.83, -42.535
1559.79, -35.1141
1559.76, -27.5436
1559.72, -23.5641
1559.69, -20.8593
1559.66, -18.8167
1559.62, -17.1824
1559.59, -15.8264
1559.56, -14.6729
1559.52, -13.6742
1559.49, -12.7981
1559.45, -12.022
1559.42, -11.3295
1559.39, -10.7084
1559.35, -10.1493
1559.32, -9.64502
1559.29, -9.18977
1559.25, -8.77873
1559.22, -8.40789
1559.18, -8.07384
1559.15, -7.77359
1559.12, -7.5045
1559.08, -7.26428
1559.05, -7.05093
1559.02, -6.86277
1558.98, -6.69845
1558.95, -6.55698
1558.91, -6.43766
1558.88, -6.34014
1558.85, -6.26432
1558.81, -6.21031
1558.78, -6.1784
1558.75, -6.16895
1558.71, -6.18239
1558.68, -6.21915
1558.64, -6.27946
1558.61, -6.3636
1558.58, -6.47178
1558.54, -6.60423
1558.51, -6.76126
1558.48, -6.94331
1558.44, -7.15102
1558.41, -7.38536
1558.37, -7.64766
1558.34, -7.93968
1558.31, -8.26364
1558.27, -8.62234
1558.24, -9.01914
1558.21, -9.45809
1558.17, -9.94403
1558.14, -10.4828
1558.1, -11.0817
1558.07, -11.7494
1558.04, -12.4975
1558, -13.3407
1557.97, -14.2995
1557.94, -15.4022
1557.9, -16.6908
1557.87, -18.2305
1557.83, -20.1306
1557.8, -22.5957
1557.77, -26.0838
1557.73, -32.0404
1557.7, -52.7277
1557.67, -32.1262
1557.63, -26.1212
1557.6, -22.6154
1557.57, -20.1414
1557.53, -18.2369
1557.5, -16.6956
1557.46, -15.4071
1557.43, -14.3055
1557.4, -13.348
1557.36, -12.5054
1557.33, -11.7569
1557.3, -11.0872
1557.26, -10.4847
1557.23, -9.94074
1557.19, -9.4484
1557.16, -9.00243
1557.13, -8.59861
1557.09, -8.23355
1557.06, -7.90447
1557.03, -7.60898
1556.99, -7.34501
1556.96, -7.11074
1556.93, -6.90448
1556.89, -6.72479
1556.86, -6.57029
1556.82, -6.43979
1556.79, -6.33234
1556.76, -6.24719
1556.72, -6.18387
1556.69, -6.14212
1556.66, -6.12192
1556.62, -6.12343
1556.59, -6.14699
1556.55, -6.19302
1556.52, -6.26203
1556.49, -6.35457
1556.45, -6.47119
1556.42, -6.61249
1556.39, -6.77912
1556.35, -6.97176
1556.32, -7.19128
1556.29, -7.43882
1556.25, -7.71573
1556.22, -8.02378
1556.18, -8.36524
1556.15, -8.74298
1556.12, -9.16056
1556.08, -9.62236
1556.05, -10.1337
1556.02, -10.7012
1555.98, -11.3331
1555.95, -12.0395
1555.92, -12.8336
1555.88, -13.7329
1555.85, -14.7614
1555.81, -15.9533
1555.78, -17.3601
1555.75, -19.0647
1555.71, -21.2129
1555.68, -24.1003
1555.65, -28.4842
1555.61, -37.7501
1555.58, -38.1808
1555.55, -28.6309
1555.51, -24.1874
1555.48, -21.2746
1555.45, -19.1127
1555.41, -17.4001
1555.38, -15.9884
1555.34, -14.7933
1555.31, -13.7624
1555.28, -12.8608
1555.24, -12.064
1555.21, -11.3542
1555.18, -10.718
1555.14, -10.1454
1555.11, -9.62821
1555.08, -9.16045
1555.04, -8.73705
1555.01, -8.35408
1554.97, -8.00842
1554.94, -7.69751
1554.91, -7.41926
1554.87, -7.17187
1554.84, -6.95379
1554.81, -6.76358
1554.77, -6.59994
1554.74, -6.46163
1554.71, -6.34754
1554.67, -6.25664
1554.64, -6.18808
1554.61, -6.14117
1554.57, -6.11545
1554.54, -6.11068
1554.5, -6.12691
1554.47, -6.16446
1554.44, -6.22373
1554.4, -6.30538
1554.37, -6.41026
1554.34, -6.5393
1554.3, -6.69352
1554.27, -6.87404
1554.24, -7.08203
1554.2, -7.31878
1554.17, -7.58572
1554.14, -7.8845
1554.1, -8.21709
1554.07, -8.58591
1554.04, -8.99394
1554, -9.44491
1553.97, -9.94348
1553.93, -10.4955
1553.9, -11.1084
1553.87, -11.7917
1553.83, -12.5575
1553.8, -13.4219
1553.77, -14.4067
1553.73, -15.5427
1553.7, -16.8755
1553.67, -18.4763
1553.63, -20.4668
1553.6, -23.0811
1553.57, -26.8685
1553.53, -33.7634
1553.5, -45.7697
1553.47, -30.556
1553.43, -25.2656
1553.4, -22.0106
1553.36, -19.6617
1553.33, -17.83
1553.3, -16.335
1553.26, -15.078
1553.23, -13.9992
1553.2, -13.0596
1553.16, -12.2325
1553.13, -11.4984
1553.1, -10.8429
1553.06, -10.2549
1553.03, -9.72565
1553, -9.24811
1552.96, -8.81665
1552.93, -8.4267
1552.9, -8.07453
1552.86, -7.75715
1552.83, -7.47213
1552.8, -7.21755
1552.76, -6.99185
1552.73, -6.79375
1552.69, -6.62224
1552.66, -6.47644
1552.63, -6.35546
1552.59, -6.25858
1552.56, -6.18512
1552.53, -6.13446
1552.49, -6.1061
1552.46, -6.09964
1552.43, -6.11484
1552.39, -6.15164
1552.36, -6.21015
1552.33, -6.29077
1552.29, -6.39409
1552.26, -6.52089
1552.23, -6.67214
1552.19, -6.84898
1552.16, -7.05269
1552.13, -7.2847
1552.09, -7.54663
1552.06, -7.84026
1552.03, -8.16756
1551.99, -8.5309
1551.96, -8.93314
1551.92, -9.37777
1551.89, -9.86917
1551.86, -10.4129
1551.82, -11.016
1551.79, -11.6875
1551.76, -12.4394
1551.72, -13.2873
1551.69, -14.2526
1551.66, -15.3654
1551.62, -16.6697
1551.59, -18.2338
1551.56, -20.1729
1551.52, -22.705
1551.49, -26.3279
1551.46, -32.6909
1551.42, -50.0954
1551.39, -31.258
1551.36, -25.6145
1551.32, -22.235
1551.29, -19.8252
1551.26, -17.959
1551.22, -16.4426
1551.19, -15.1713
1551.16, -14.0824
1551.12, -13.1352
1551.09, -12.3019
1551.06, -11.5627
1551.02, -10.9027
1550.99, -10.3108
1550.96, -9.77814
1550.92, -9.29765
1550.89, -8.86363
1550.86, -8.4714
1550.82, -8.11699
1550.79, -7.79723
1550.75, -7.50953
1550.72, -7.25179
1550.69, -7.0224
1550.65, -6.82009
1550.62, -6.64393
1550.59, -6.49319
1550.55, -6.36735
1550.52, -6.26598
1550.49, -6.18869
1550.45, -6.13516
1550.42, -6.10506
1550.39, -6.09807
1550.35, -6.11389
1550.32, -6.15234
1550.29, -6.21336
1550.25, -6.29702
1550.22, -6.40351
1550.19, -6.5333
1550.15, -6.6871
1550.12, -6.86588
1550.09, -7.0709
1550.05, -7.30364
1550.02, -7.56588
1549.99, -7.85967
1549.95, -8.18737
1549.92, -8.5517
1549.89, -8.95584
1549.85, -9.40359
1549.82, -9.89954
1549.79, -10.4494
1549.75, -11.0602
1549.72, -11.7412
1549.69, -12.5045
1549.65, -13.3659
1549.62, -14.3474
1549.59, -15.4798
1549.55, -16.8089
1549.52, -18.4064
1549.49, -20.3943
1549.45, -23.0068
1549.42, -26.7925
1549.39, -33.6801
1549.35, -45.7998
1549.32, -30.5214
1549.29, -25.2333
1549.25, -21.9859
1549.22, -19.6463
1549.19, -17.8241
1549.15, -16.3377
1549.12, -15.0881
1549.09, -14.015
1549.05, -13.0792
1549.02, -12.254
1548.99, -11.5203
1548.95, -10.8639
1548.92, -10.2742
1548.89, -9.74294
1548.85, -9.26366
1548.82, -8.83101
1548.79, -8.44063
1548.75, -8.08886
1548.72, -7.77259
1548.69, -7.48922
1548.65, -7.23653
1548.62, -7.01269
1548.59, -6.8162
1548.55, -6.64588
1548.52, -6.50082
1548.49, -6.38035
1548.45, -6.28401
1548.42, -6.2114
1548.39, -6.16227
1548.35, -6.13649
1548.32, -6.13388
1548.29, -6.15434
1548.25, -6.19784
1548.22, -6.26438
1548.19, -6.35406
1548.15, -6.46712
1548.12, -6.60398
1548.09, -6.76528
1548.05, -6.95192
1548.02, -7.16509
1547.99, -7.40629
1547.95, -7.67738
1547.92, -7.98055
1547.89, -8.31841
1547.85, -8.69405
1547.82, -9.11092
1547.79, -9.5732
1547.75, -10.0859
1547.72, -10.6551
1547.69, -11.2884
1547.65, -11.9956
1547.62, -12.7894
1547.59, -13.6871
1547.56, -14.7123
1547.52, -15.8995
1547.49, -17.3
1547.46, -18.997
1547.42, -21.1359
1547.39, -24.0105
1547.36, -28.3713
1547.32, -37.5434
1547.29, -38.2768
1547.26, -28.6209
1547.22, -24.1585
1547.19, -21.2399
1547.16, -19.0769
1547.12, -17.3652
1547.09, -15.9553
1547.06, -14.7621
1547.02, -13.733
1546.99, -12.833
1546.96, -12.0377
1546.92, -11.3295
1546.89, -10.6954
1546.86, -10.1255
1546.82, -9.61219
1546.79, -9.14927
1546.76, -8.73185
1546.72, -8.35588
1546.69, -8.01795
1546.66, -7.71521
1546.62, -7.44507
1546.59, -7.20534
1546.56, -6.99414
1546.52, -6.80987
1546.49, -6.65121
1546.46, -6.51711
1546.42, -6.40677
1546.39, -6.31964
1546.36, -6.25542
1546.33, -6.21394
1546.29, -6.19519
1546.26, -6.19932
1546.23, -6.22652
1546.19, -6.27707
1546.16, -6.35131
1546.13, -6.44961
1546.09, -6.5724
1546.06, -6.72033
1546.03, -6.89399
1545.99, -7.09425
1545.96, -7.32221
1545.93, -7.57929
1545.89, -7.86724
1545.86, -8.1882
1545.83, -8.54481
1545.79, -8.94024
1545.76, -9.37831
1545.73, -9.86363
1545.69, -10.4018
1545.66, -10.9998
1545.63, -11.6664
1545.6, -12.4126
1545.56, -13.2534
1545.53, -14.2089
1545.5, -15.3072
1545.46, -16.59
1545.43, -18.1216
1545.4, -20.0098
1545.36, -22.4555
1545.33, -25.9062
1545.3, -31.7554
1545.26, -52.3662
1545.23, -32.2807
1545.2, -26.16
1545.16, -22.6147
1545.13, -20.1204
1545.1, -18.2035
1545.06, -16.654
1545.03, -15.3602
1545, -14.2555
1544.96, -13.2971
1544.93, -12.4554
1544.9, -11.7096
1544.87, -11.0443
1544.83, -10.4477
1544.8, -9.91086
1544.77, -9.42676
1544.73, -8.98983
1544.7, -8.59558
1544.67, -8.24038
1544.63, -7.92125
1544.6, -7.63568
1544.57, -7.38154
1544.53, -7.15699
1544.5, -6.96046
1544.47, -6.79057
1544.43, -6.64615
1544.4, -6.52624
1544.37, -6.43005
1544.34, -6.35702
1544.3, -6.30679
1544.27, -6.27922
1544.24, -6.27429
1544.2, -6.29212
1544.17, -6.33298
1544.14, -6.39724
1544.1, -6.48538
1544.07, -6.59793
1544.04, -6.7355
1544, -6.89879
1543.97, -7.08862
1543.94, -7.30599
1543.9, -7.5521
1543.87, -7.82845
1543.84, -8.13691
1543.81, -8.47982
1543.77, -8.86006
1543.74, -9.28121
1543.71, -9.74764
1543.67, -10.2648
1543.64, -10.8394
1543.61, -11.4797
1543.57, -12.1963
1543.54, -13.0032
1543.51, -13.9186
1543.47, -14.968
1543.44, -16.1882
1543.41, -17.6347
1543.38, -19.3979
1543.34, -21.6404
1543.31, -24.7003
1543.28, -29.4968
1543.24, -40.9956
1543.21, -35.7301
1543.18, -27.7398
1543.14, -23.6555
1543.11, -20.9048
1543.08, -18.8375
1543.04, -17.1886
1543.01, -15.8239
1542.98, -14.6657
1542.95, -13.6653
1542.91, -12.7898
1542.88, -12.016
1542.85, -11.327
1542.81, -10.71
1542.78, -10.1552
1542.75, -9.65488
1542.71, -9.20307
1542.68, -8.79491
1542.65, -8.42653
1542.61, -8.09484
1542.58, -7.79731
1542.55, -7.53189
1542.52, -7.29687
1542.48, -7.09078
1542.45, -6.91243
1542.42, -6.76065
1542.38, -6.63443
1542.35, -6.53294
1542.32, -6.45546
1542.28, -6.40139
1542.25, -6.3703
1542.22, -6.36191
1542.19, -6.37612
1542.15, -6.41303
1542.12, -6.4729
1542.09, -6.55617
1542.05, -6.66342
1542.02, -6.79539
1541.99, -6.95297
1541.95, -7.13714
1541.92, -7.34908
1541.89, -7.59011
1541.85, -7.86187
1541.82, -8.16614
1541.79, -8.50514
1541.76, -8.88158
1541.72, -9.29879
1541.69, -9.76088
1541.66, -10.273
1541.62, -10.8414
1541.59, -11.4743
1541.56, -12.1819
1541.52, -12.9776
1541.49, -13.8792
1541.46, -14.9111
1541.43, -16.1085
1541.39, -17.5239
1541.36, -19.2421
1541.33, -21.4129
1541.29, -24.3409
1541.26, -28.8181
1541.23, -38.5308
1541.19, -37.6543
1541.16, -28.5264
1541.13, -24.1754
1541.1, -21.3046
1541.06, -19.1674
1541.03, -17.4714
1541, -16.0718
1540.96, -14.8862
1540.93, -13.8633
1540.9, -12.969
1540.87, -12.1795
1540.83, -11.4775
1540.8, -10.8498
1540.77, -10.2866
1540.73, -9.77978
1540.7, -9.32309
1540.67, -8.91142
1540.63, -8.54062
1540.6, -8.20724
1540.57, -7.90852
1540.54, -7.64218
1540.5, -7.40639
1540.47, -7.19961
1540.44, -7.0206
1540.4, -6.86831
1540.37, -6.74181
1540.34, -6.64031
1540.3, -6.56313
1540.27, -6.50966
1540.24, -6.47944
1540.21, -6.4721
1540.17, -6.48744
1540.14, -6.52543
1540.11, -6.58622
1540.07, -6.67017
1540.04, -6.77789
1540.01, -6.91008
1539.98, -7.06771
1539.94, -7.25191
1539.91, -7.46403
1539.88, -7.70555
1539.84, -7.97822
1539.81, -8.28398
1539.78, -8.62512
1539.74, -9.00433
1539.71, -9.42483
1539.68, -9.89059
1539.65, -10.4066
1539.61, -10.979
1539.58, -11.6157
1539.55, -12.3271
1539.51, -13.1267
1539.48, -14.0325
1539.45, -15.0699
1539.42, -16.2747
1539.38, -17.7014
1539.35, -19.4376
1539.32, -21.6394
1539.28, -24.6272
1539.25, -29.2515
1539.22, -39.7463
1539.19, -36.7936
1539.15, -28.2543
1539.12, -24.037
1539.09, -21.2263
1539.05, -19.1242
1539.02, -17.4518
1538.99, -16.0694
1538.95, -14.8972
1538.92, -13.8852
1538.89, -12.9999
1538.86, -12.2182
1538.82, -11.5231
1538.79, -10.9019
1538.76, -10.3447
1538.72, -9.84377
1538.69, -9.39279
1538.66, -8.98662
1538.63, -8.62103
1538.59, -8.2925
1538.56, -7.99813
1538.53, -7.73555
1538.49, -7.50285
1538.46, -7.2985
1538.43, -7.12137
1538.4, -6.97048
1538.36, -6.84513
1538.33, -6.74476
1538.3, -6.66896
1538.26, -6.61738
1538.23, -6.58977
1538.2, -6.58583
1538.17, -6.6054
1538.13, -6.6484
1538.1, -6.71488
1538.07, -6.80502
1538.03, -6.9192
1538, -7.05801
1537.97, -7.22226
1537.94, -7.41303
1537.9, -7.63162
1537.87, -7.87961
1537.84, -8.15886
1537.8, -8.47152
1537.77, -8.8201
1537.74, -9.20754
1537.71, -9.63734
1537.67, -10.1137
1537.64, -10.642
1537.61, -11.2285
1537.57, -11.8817
1537.54, -12.6124
1537.51, -13.4351
1537.48, -14.3692
1537.44, -15.442
1537.41, -16.6934
1537.38, -18.1842
1537.34, -20.0149
1537.31, -22.369
1537.28, -25.6426
1537.25, -30.9945
1537.21, -46.8484
1537.18, -33.8733
1537.15, -27.0877
1537.11, -23.3388
1537.08, -20.7483
1537.05, -18.7764
1537.02, -17.1915
1536.98, -15.8728
1536.95, -14.7492
1536.92, -13.7757
1536.89, -12.9215
1536.85, -12.1652
1536.82, -11.4912
1536.79, -10.8875
1536.75, -10.3452
1536.72, -9.85711
1536.69, -9.41746
1536.66, -9.02157
1536.62, -8.66551
1536.59, -8.34602
1536.56, -8.06033
1536.52, -7.80615
1536.49, -7.58158
1536.46, -7.38512
1536.43, -7.21557
1536.39, -7.07197
1536.36, -6.95364
1536.33, -6.8601
1536.29, -6.79104
1536.26, -6.74624
1536.23, -6.72554
1536.2, -6.72885
1536.16, -6.7561
1536.13, -6.80726
1536.1, -6.88237
1536.07, -6.9816
1536.03, -7.10524
1536, -7.25379
1535.97, -7.42802
1535.93, -7.62896
1535.9, -7.85799
1535.87, -8.11684
1535.84, -8.40767
1535.8, -8.73291
1535.77, -9.09553
1535.74, -9.49896
1535.71, -9.94729
1535.67, -10.4454
1535.64, -10.999
1535.61, -11.6156
1535.57, -12.3043
1535.54, -13.0772
1535.51, -13.9503
1535.48, -14.9457
1535.44, -16.0951
1535.41, -17.4455
1535.38, -19.0713
1535.34, -21.1006
1535.31, -23.7828
1535.28, -27.7153
1535.25, -35.1213
1535.21, -43.5388
1535.18, -30.4423
1535.15, -25.4182
1535.12, -22.2725
1535.08, -19.9878
1535.05, -18.2013
1535.02, -16.7411
1534.98, -15.5123
1534.95, -14.4569
1534.92, -13.5367
1534.89, -12.7256
1534.85, -12.0048
1534.82, -11.3604
1534.79, -10.7821
1534.76, -10.2618
1534.72, -9.79332
1534.69, -9.37152
1534.66, -8.99233
1534.62, -8.6523
1534.59, -8.34843
1534.56, -8.07818
1534.53, -7.83935
1534.49, -7.62998
1534.46, -7.44853
1534.43, -7.29367
1534.4, -7.16437
1534.36, -7.05986
1534.33, -6.97964
1534.3, -6.92339
1534.27, -6.89101
1534.23, -6.88252
1534.2, -6.89802
1534.17, -6.93772
1534.13, -7.00183
1534.1, -7.09062
1534.07, -7.20443
1534.04, -7.34375
1534, -7.50906
1533.97, -7.70113
1533.94, -7.92095
1533.91, -8.16989
1533.87, -8.44966
1533.84, -8.76245
1533.81, -9.11091
1533.78, -9.49828
1533.74, -9.92846
1533.71, -10.4061
1533.68, -10.9368
1533.64, -11.5274
1533.61, -12.1865
1533.58, -12.9249
1533.55, -13.757
1533.51, -14.702
1533.48, -15.7873
1533.45, -17.0527
1533.42, -18.5597
1533.38, -20.4106
1533.35, -22.7942
1533.32, -26.1222
1533.29, -31.623
1533.25, -49.0462
1533.22, -33.7256
1533.19, -27.1658
1533.15, -23.4807
1533.12, -20.9181
1533.09, -18.9611
1533.06, -17.3858
1533.02, -16.0745
1532.99, -14.9576
1532.96, -13.9905
1532.93, -13.143
1532.89, -12.3933
1532.86, -11.7257
1532.83, -11.1283
1532.8, -10.5919
1532.76, -10.1093
1532.73, -9.67491
1532.7, -9.28422
1532.66, -8.93353
1532.63, -8.61974
1532.6, -8.34025
1532.57, -8.0928
1532.53, -7.87542
1532.5, -7.68639
1532.47, -7.52424
1532.44, -7.38774
1532.4, -7.27591
1532.37, -7.18804
1532.34, -7.12367
1532.31, -7.08262
1532.27, -7.06492
1532.24, -7.07087
1532.21, -7.10081
1532.18, -7.1552
1532.14, -7.23459
1532.11, -7.33956
1532.08, -7.47069
1532.05, -7.62863
1532.01, -7.81406
1531.98, -8.0278
1531.95, -8.27088
1531.91, -8.54463
1531.88, -8.85077
1531.85, -9.19153
1531.82, -9.56977
1531.78, -9.98905
1531.75, -10.4538
1531.72, -10.9696
1531.69, -11.5432
1531.65, -12.183
1531.62, -12.9
1531.59, -13.7078
1531.56, -14.625
1531.52, -15.6771
1531.49, -16.9008
1531.46, -18.3521
1531.43, -20.1222
1531.39, -22.3753
1531.36, -25.4547
1531.33, -30.3001
1531.3, -42.1205
1531.26, -36.1877
1531.23, -28.3313
1531.2, -24.281
1531.17, -21.5459
1531.13, -19.4881
1531.1, -17.8464
1531.07, -16.4879
1531.04, -15.3359
1531, -14.3419
1530.97, -13.4731
1530.94, -12.7064
1530.91, -12.0248
1530.87, -11.4155
1530.84, -10.8687
1530.81, -10.3767
1530.77, -9.93347
1530.74, -9.53426
1530.71, -9.17528
1530.68, -8.8535
1530.64, -8.56643
1530.61, -8.31203
1530.58, -8.08858
1530.55, -7.89448
1530.51, -7.72836
1530.48, -7.58899
1530.45, -7.47531
1530.42, -7.38641
1530.38, -7.32152
1530.35, -7.28009
1530.32, -7.26186
1530.29, -7.26678
1530.25, -7.29503
1530.22, -7.34704
1530.19, -7.42337
1530.16, -7.52474
1530.12, -7.65197
1530.09, -7.80594
1530.06, -7.98757
1530.03, -8.19791
1529.99, -8.43807
1529.96, -8.70939
1529.93, -9.01351
1529.9, -9.35248
1529.86, -9.72889
1529.83, -10.1462
1529.8, -10.6085
1529.77, -11.1211
1529.73, -11.6909
1529.7, -12.3264
1529.67, -13.0384
1529.64, -13.8411
1529.6, -14.7531
1529.57, -15.8001
1529.54, -17.0185
1529.51, -18.4639
1529.47, -20.2258
1529.44, -22.465
1529.41, -25.5154
1529.38, -30.2805
1529.34, -41.5602
1529.31, -36.8063
1529.28, -28.7057
1529.25, -24.5971
1529.21, -21.8369
1529.18, -19.7644
1529.15, -18.1122
1529.12, -16.745
1529.08, -15.585
1529.05, -14.5834
1529.02, -13.7075
1528.99, -12.9343
1528.95, -12.2468
1528.92, -11.6325
1528.89, -11.0813
1528.86, -10.5858
1528.82, -10.1396
1528.79, -9.73794
1528.76, -9.37691
1528.73, -9.05339
1528.69, -8.76487
1528.66, -8.50935
1528.63, -8.28523
1528.6, -8.09102
1528.57, -7.92545
1528.53, -7.78737
1528.5, -7.67571
1528.47, -7.58948
1528.44, -7.5278
1528.4, -7.48993
1528.37, -7.47534
1528.34, -7.4837
1528.31, -7.51498
1528.27, -7.56943
1528.24, -7.64757
1528.21, -7.7502
1528.18, -7.87834
1528.14, -8.0332
1528.11, -8.2161
1528.08, -8.42849
1528.05, -8.67193
1528.01, -8.9481
1527.98, -9.25874
1527.95, -9.60593
1527.92, -9.99219
1527.88, -10.4206
1527.85, -10.8951
1527.82, -11.4206
1527.79, -12.0038
1527.75, -12.6529
1527.72, -13.379
1527.69, -14.1966
1527.66, -15.1251
1527.62, -16.1917
1527.59, -17.4354
1527.56, -18.9156
1527.53, -20.7295
1527.49, -23.0544
1527.46, -26.2679
1527.43, -31.4521
1527.4, -45.7635
1527.37, -35.269
1527.33, -28.1777
1527.3, -24.3378
1527.27, -21.7016
1527.24, -19.7005
1527.2, -18.0943
1527.17, -16.7591
1527.14, -15.6225
1527.11, -14.6388
1527.07, -13.7772
1527.04, -13.0161
1527.01, -12.3394
1526.98, -11.7351
1526.94, -11.1937
1526.91, -10.7079
1526.88, -10.2715
1526.85, -9.87962
1526.81, -9.52826
1526.78, -9.2141
1526.75, -8.93449
1526.72, -8.68731
1526.69, -8.47084
1526.65, -8.28373
1526.62, -8.12487
1526.59, -7.99328
1526.56, -7.88809
1526.52, -7.8085
1526.49, -7.75377
1526.46, -7.72322
1526.43, -7.71628
1526.39, -7.73252
1526.36, -7.77174
1526.33, -7.83399
1526.3, -7.91962
1526.26, -8.02928
1526.23, -8.16401
1526.2, -8.32503
1526.17, -8.51383
1526.14, -8.73212
1526.1, -8.98179
1526.07, -9.26489
1526.04, -9.58362
1526.01, -9.94042
1525.97, -10.3381
1525.94, -10.7798
1525.91, -11.2698
1525.88, -11.8132
1525.84, -12.4165
1525.81, -13.0886
1525.78, -13.841
1525.75, -14.6895
1525.71, -15.6554
1525.68, -16.7691
1525.65, -18.075
1525.62, -19.6426
1525.59, -21.5885
1525.55, -24.1336
1525.52, -27.7845
1525.49, -34.236
1525.46, -50.839
1525.42, -32.5186
1525.39, -26.944
1525.36, -23.595
1525.33, -21.2057
1525.29, -19.3562
1525.26, -17.8543
1525.23, -16.5963
1525.2, -15.5198
1525.17, -14.5843
1525.13, -13.7621
1525.1, -13.0336
1525.07, -12.3843
1525.04, -11.8031
1525, -11.2814
1524.97, -10.8124
1524.94, -10.3905
1524.91, -10.0112
1524.87, -9.67075
1524.84, -9.3661
1524.81, -9.09487
1524.78, -8.85513
1524.75, -8.64541
1524.71, -8.46461
1524.68, -8.3119
1524.65, -8.18662
1524.62, -8.08823
1524.58, -8.01623
1524.55, -7.97011
1524.52, -7.94935
1524.49, -7.95344
1524.45, -7.98188
1524.42, -8.03437
1524.39, -8.11063
1524.36, -8.21066
1524.33, -8.33481
1524.29, -8.48377
1524.26, -8.65861
1524.23, -8.86081
1524.2, -9.09217
1524.16, -9.35487
1524.13, -9.65136
1524.1, -9.98441
1524.07, -10.3571
1524.04, -10.7729
1524, -11.2359
1523.97, -11.7508
1523.94, -12.3235
1523.91, -12.9615
1523.87, -13.6745
1523.84, -14.4756
1523.81, -15.3826
1523.78, -16.4202
1523.75, -17.6245
1523.71, -19.0499
1523.68, -20.7848
1523.65, -22.9857
1523.62, -25.9744
1523.58, -30.6045
1523.55, -41.1418
1523.52, -38.1054
1523.49, -29.5883
1523.45, -25.3824
1523.42, -22.5825
1523.39, -20.4916
1523.36, -18.831
1523.33, -17.4606
1523.29, -16.3001
1523.26, -15.299
1523.23, -14.424
1523.2, -13.6515
1523.16, -12.9645
1523.13, -12.3505
1523.1, -11.7997
1523.07, -11.3048
1523.04, -10.8595
1523, -10.4592
1522.97, -10.0997
1522.94, -9.77768
1522.91, -9.49046
1522.87, -9.23576
1522.84, -9.01181
1522.81, -8.81724
1522.78, -8.65099
1522.75, -8.5123
1522.71, -8.40065
1522.68, -8.31566
1522.65, -8.25702
1522.62, -8.2245
1522.59, -8.21772
1522.55, -8.23632
1522.52, -8.27993
1522.49, -8.34822
1522.46, -8.44097
1522.42, -8.55813
1522.39, -8.69994
1522.36, -8.867
1522.33, -9.0603
1522.3, -9.2813
1522.26, -9.53193
1522.23, -9.81459
1522.2, -10.1321
1522.17, -10.4879
1522.13, -10.8856
1522.1, -11.3296
1522.07, -11.8248
1522.04, -12.3771
1522.01, -12.9935
1521.97, -13.6829
1521.94, -14.4568
1521.91, -15.3309
1521.88, -16.3266
1521.84, -17.4749
1521.81, -18.8224
1521.78, -20.4426
1521.75, -22.4621
1521.72, -25.1272
1521.68, -29.0248
1521.65, -36.3119
1521.62, -45.4908
1521.59, -31.9547
1521.56, -26.8729
1521.52, -23.7042
1521.49, -21.4076
1521.46, -19.6148
1521.43, -18.1522
1521.39, -16.9238
1521.36, -15.8711
1521.33, -14.9557
1521.3, -14.151
1521.27, -13.438
1521.23, -12.8027
1521.2, -12.2344
1521.17, -11.7247
1521.14, -11.267
1521.11, -10.8561
1521.07, -10.4875
1521.04, -10.1575
1521.01, -9.86312
1520.98, -9.60176
1520.94, -9.37131
1520.91, -9.17008
1520.88, -8.99676
1520.85, -8.85044
1520.82, -8.73057
1520.78, -8.63677
1520.75, -8.56891
1520.72, -8.52697
1520.69, -8.51103
1520.66, -8.52114
1520.62, -8.55731
1520.59, -8.61948
1520.56, -8.70756
1520.53, -8.82147
1520.5, -8.96121
1520.46, -9.12697
1520.43, -9.31922
1520.4, -9.53878
1520.37, -9.78698
1520.33, -10.0656
1520.3, -10.3772
1520.27, -10.7247
1520.24, -11.1118
1520.21, -11.543
1520.17, -12.0235
1520.14, -12.5592
1520.11, -13.1577
1520.08, -13.8279
1520.05, -14.5814
1520.01, -15.4331
1519.98, -16.4036
1519.95, -17.5218
1519.92, -18.8305
1519.89, -20.3972
1519.85, -22.3357
1519.82, -24.8623
1519.79, -28.4703
1519.76, -34.7858
1519.72, -53.0082
1519.69, -33.527
1519.66, -27.8412
1519.63, -24.4481
1519.6, -22.0339
1519.56, -20.1685
1519.53, -18.6567
1519.5, -17.3933
1519.47, -16.3149
1519.44, -15.3802
1519.4, -14.5611
1519.37, -13.8371
1519.34, -13.1934
1519.31, -12.6185
1519.28, -12.1037
1519.24, -11.6418
1519.21, -11.2272
1519.18, -10.8555
1519.15, -10.5227
1519.12, -10.2257
1519.08, -9.96176
1519.05, -9.72863
1519.02, -9.52451
1518.99, -9.34791
1518.96, -9.1977
1518.92, -9.07312
1518.89, -8.97377
1518.86, -8.89953
1518.83, -8.85054
1518.8, -8.8271
1518.76, -8.82961
1518.73, -8.8585
1518.7, -8.91415
1518.67, -8.99688
1518.63, -9.10693
1518.6, -9.24447
1518.57, -9.40969
1518.54, -9.60287
1518.51, -9.82453
1518.47, -10.0755
1518.44, -10.3571
1518.41, -10.6713
1518.38, -11.0206
1518.35, -11.4082
1518.31, -11.8386
1518.28, -12.3168
1518.25, -12.8492
1518.22, -13.4436
1518.19, -14.1095
1518.15, -14.859
1518.12, -15.7076
1518.09, -16.6761
1518.06, -17.7938
1518.03, -19.1035
1517.99, -20.6719
1517.96, -22.6123
1517.93, -25.1388
1517.9, -28.7397
1517.87, -35.0171
1517.83, -53.811
1517.8, -33.9371
1517.77, -28.2179
1517.74, -24.8141
1517.71, -22.3938
1517.67, -20.5233
1517.64, -19.0064
1517.61, -17.7374
1517.58, -16.653
1517.55, -15.7123
1517.51, -14.8871
1517.48, -14.1573
1517.45, -13.5083
1517.42, -12.9286
1517.39, -12.4098
1517.35, -11.9448
1517.32, -11.5281
1517.29, -11.1554
1517.26, -10.8229
1517.23, -10.5274
1517.19, -10.2663
1517.16, -10.0371
1517.13, -9.83784
1517.1, -9.66677
1517.07, -9.52245
1517.04, -9.40377
1517, -9.30992
1516.97, -9.24044
1516.94, -9.19519
1516.91, -9.17433
1516.88, -9.17826
1516.84, -9.20757
1516.81, -9.26298
1516.78, -9.34522
1516.75, -9.45504
1516.72, -9.59312
1516.68, -9.7601
1516.65, -9.95661
1516.62, -10.1833
1516.59, -10.4412
1516.56, -10.7312
1516.52, -11.0549
1516.49, -11.4145
1516.46, -11.8129
1516.43, -12.254
1516.4, -12.7426
1516.36, -13.285
1516.33, -13.8891
1516.3, -14.565
1516.27, -15.3253
1516.24, -16.1868
1516.2, -17.1718
1516.17, -18.3117
1516.14, -19.6527
1516.11, -21.2673
1516.08, -23.2795
1516.04, -25.9294
1516.01, -29.7863
1515.98, -36.904
1515.95, -47.3569
1515.92, -33.0851
1515.89, -27.9188
1515.85, -24.7187
1515.82, -22.4047
1515.79, -20.5994
1515.76, -19.1262
1515.73, -17.8885
1515.69, -16.8273
1515.66, -15.9044
1515.63, -15.0934
1515.6, -14.3753
1515.57, -13.7362
1515.53, -13.1655
1515.5, -12.6547
1515.47, -12.1975
1515.44, -11.7885
1515.41, -11.4235
1515.37, -11.0989
1515.34, -10.8116
1515.31, -10.559
1515.28, -10.3389
1515.25, -10.1492
1515.22, -9.98806
1515.18, -9.85393
1515.15, -9.74545
1515.12, -9.6616
1515.09, -9.60155
1515.06, -9.56489
1515.02, -9.55151
1514.99, -9.56166
1514.96, -9.59591
1514.93, -9.65508
1514.9, -9.7402
1514.86, -9.85244
1514.83, -9.993
1514.8, -10.1632
1514.77, -10.3642
1514.74, -10.5971
1514.71, -10.8632
1514.67, -11.1638
1514.64, -11.5005
1514.61, -11.8754
1514.58, -12.2912
1514.55, -12.7513
1514.51, -13.2606
1514.48, -13.825
1514.45, -14.4527
1514.42, -15.154
1514.39, -15.9427
1514.35, -16.8371
1514.32, -17.8624
1514.29, -19.0542
1514.26, -20.4661
1514.23, -22.1837
1514.2, -24.3581
1514.16, -27.2971
1514.13, -31.8027
1514.1, -41.658
1514.07, -40.4274
1514.04, -31.4081
1514, -27.0899
1513.97, -24.2401
1513.94, -22.1202
1513.91, -20.44
1513.88, -19.0552
1513.85, -17.8838
1513.81, -16.8744
1513.78, -15.9932
1513.75, -15.2164
1513.72, -14.5268
1513.69, -13.9116
1513.65, -13.3611
1513.62, -12.8677
1513.59, -12.4254
1513.56, -12.0294
1513.53, -11.6759
1513.5, -11.3616
1513.46, -11.084
1513.43, -10.8408
1513.4, -10.6302
1513.37, -10.4504
1513.34, -10.2998
1513.3, -10.177
1513.27, -10.0808
1513.24, -10.01
1513.21, -9.96362
1513.18, -9.94095
1513.15, -9.94156
1513.11, -9.96532
1513.08, -10.0124
1513.05, -10.0835
1513.02, -10.1794
1512.99, -10.3013
1512.95, -10.4506
1512.92, -10.6288
1512.89, -10.8378
1512.86, -11.0792
1512.83, -11.3551
1512.8, -11.6673
1512.76, -12.018
1512.73, -12.4099
1512.7, -12.846
1512.67, -13.3302
1512.64, -13.8675
1512.61, -14.4643
1512.57, -15.1292
1512.54, -15.8737
1512.51, -16.7131
1512.48, -17.6682
1512.45, -18.7685
1512.41, -20.057
1512.38, -21.6002
1512.35, -23.5092
1512.32, -25.9919
1512.29, -29.5148
1512.26, -35.5668
1512.22, -56.5951
1512.19, -35.3492
1512.16, -29.4372
1512.13, -25.974
1512.1, -23.5297
1512.07, -21.6493
1512.03, -20.1289
1512, -18.8595
1511.97, -17.7757
1511.94, -16.8356
1511.91, -16.0104
1511.87, -15.2796
1511.84, -14.6284
1511.81, -14.0455
1511.78, -13.5223
1511.75, -13.0521
1511.72, -12.6295
1511.68, -12.2504
1511.65, -11.9115
1511.62, -11.6102
1511.59, -11.3442
1511.56, -11.1119
1511.53, -10.9118
1511.49, -10.7426
1511.46, -10.6032
1511.43, -10.4924
1511.4, -10.4094
1511.37, -10.353
1511.34, -10.3224
1511.3, -10.3167
1511.27, -10.3354
1511.24, -10.3779
1511.21, -10.4442
1511.18, -10.5346
1511.14, -10.6497
1511.11, -10.7903
1511.08, -10.9578
1511.05, -11.154
1511.02, -11.3807
1510.99, -11.6403
1510.95, -11.9352
1510.92, -12.2682
1510.89, -12.6422
1510.86, -13.0606
1510.83, -13.5272
1510.8, -14.0467
1510.76, -14.6249
1510.73, -15.2693
1510.7, -15.9897
1510.67, -16.7991
1510.64, -17.7156
1510.61, -18.7645
1510.57, -19.9824
1510.54, -21.4252
1510.51, -23.1839
1510.48, -25.4212
1510.45, -28.4752
1510.42, -33.2633
1510.38, -44.7358
1510.35, -39.5624
1510.32, -31.5464
1510.29, -27.4616
1510.26, -24.716
1510.23, -22.6565
1510.19, -21.0172
1510.16, -19.6632
1510.13, -18.5167
1510.1, -17.5284
1510.07, -16.6656
1510.04, -15.9049
1510, -15.2296
1509.97, -14.6271
1509.94, -14.0874
1509.91, -13.6032
1509.88, -13.1684
1509.85, -12.7783
1509.81, -12.429
1509.78, -12.1175
1509.75, -11.8415
1509.72, -11.5989
1509.69, -11.3884
1509.66, -11.2086
1509.62, -11.0586
1509.59, -10.9376
1509.56, -10.8449
1509.53, -10.7798
1509.5, -10.7416
1509.47, -10.7298
1509.43, -10.7437
1509.4, -10.7828
1509.37, -10.8467
1509.34, -10.9353
1509.31, -11.0485
1509.28, -11.1868
1509.24, -11.3509
1509.21, -11.542
1509.18, -11.7617
1509.15, -12.0121
1509.12, -12.2955
1509.09, -12.6151
1509.05, -12.9739
1509.02, -13.3759
1508.99, -13.8253
1508.96, -14.3273
1508.93, -14.8878
1508.9, -15.5143
1508.86, -16.2163
1508.83, -17.0059
1508.8, -17.9
1508.77, -18.9215
1508.74, -20.104
1508.71, -21.4979
1508.67, -23.1846
1508.64, -25.3064
1508.61, -28.149
1508.58, -32.4349
1508.55, -41.2668
1508.52, -43.1987
1508.49, -33.0985
1508.45, -28.5551
1508.42, -25.6067
1508.39, -23.432
1508.36, -21.7182
1508.33, -20.3124
1508.3, -19.1282
1508.26, -18.112
1508.23, -17.2281
1508.2, -16.4515
1508.17, -15.7642
1508.14, -15.1525
1508.11, -14.6058
1508.07, -14.1161
1508.04, -13.6768
1508.01, -13.2826
1507.98, -12.9294
1507.95, -12.6137
1507.92, -12.3328
1507.88, -12.0846
1507.85, -11.8675
1507.82, -11.6801
1507.79, -11.5217
1507.76, -11.3917
1507.73, -11.2896
1507.7, -11.2151
1507.66, -11.1681
1507.63, -11.1483
1507.6, -11.1557
1507.57, -11.19
1507.54, -11.251
1507.51, -11.3385
1507.47, -11.4525
1507.44, -11.5929
1507.41, -11.7601
1507.38, -11.9546
1507.35, -12.1776
1507.32, -12.4303
1507.29, -12.7148
1507.25, -13.0335
1507.22, -13.3896
1507.19, -13.787
1507.16, -14.23
1507.13, -14.7242
1507.1, -15.276
1507.06, -15.8934
1507.03, -16.5863
1507, -17.3672
1506.97, -18.253
1506.94, -19.2666
1506.91, -20.4408
1506.88, -21.8248
1506.84, -23.4976
1506.81, -25.5967
1506.78, -28.3964
1506.75, -32.5794
1506.72, -40.9522
1506.69, -44.643
1506.65, -33.8402
1506.62, -29.1698
1506.59, -26.1679
1506.56, -23.9628
1506.53, -22.2286
1506.5, -20.8077
1506.47, -19.6116
1506.43, -18.5857
1506.4, -17.6941
1506.37, -16.9115
1506.34, -16.2197
1506.31, -15.6049
1506.28, -15.0567
1506.24, -14.5666
1506.21, -14.1281
1506.18, -13.7357
1506.15, -13.385
1506.12, -13.0722
1506.09, -12.7945
1506.06, -12.5494
1506.02, -12.3349
1505.99, -12.1495
1505.96, -11.9922
1505.93, -11.862
1505.9, -11.7586
1505.87, -11.6817
1505.84, -11.6313
1505.8, -11.6075
1505.77, -11.6105
1505.74, -11.6406
1505.71, -11.6979
1505.68, -11.7827
1505.65, -11.8953
1505.61, -12.036
1505.58, -12.2051
1505.55, -12.4033
1505.52, -12.6312
1505.49, -12.8901
1505.46, -13.1815
1505.43, -13.5075
1505.39, -13.8708
1505.36, -14.2749
1505.33, -14.7242
1505.3, -15.2242
1505.27, -15.7814
1505.24, -16.4043
1505.21, -17.1033
1505.17, -17.8918
1505.14, -18.7875
1505.11, -19.8146
1505.08, -21.0074
1505.05, -22.4176
1505.02, -24.1284
1504.99, -26.2862
1504.95, -29.1876
1504.92, -33.596
1504.89, -42.9558
1504.86, -43.1925
1504.83, -33.705
1504.8, -29.2863
1504.77, -26.3912
1504.73, -24.2446
1504.7, -22.5463
1504.67, -21.1486
1504.64, -19.9676
1504.61, -18.9515
1504.58, -18.0661
1504.54, -17.2872
1504.51, -16.5976
1504.48, -15.9845
1504.45, -15.4377
1504.42, -14.9495
1504.39, -14.5136
1504.36, -14.1248
1504.32, -13.7789
1504.29, -13.4722
1504.26, -13.2017
1504.23, -12.9647
1504.2, -12.7592
1504.17, -12.5833
1504.14, -12.4355
1504.1, -12.3147
1504.07, -12.2202
1504.04, -12.1514
1504.01, -12.1081
1503.98, -12.0904
1503.95, -12.0984
1503.92, -12.1327
1503.89, -12.1936
1503.85, -12.282
1503.82, -12.3983
1503.79, -12.5434
1503.76, -12.718
1503.73, -12.9229
1503.7, -13.1592
1503.67, -13.428
1503.63, -13.7308
1503.6, -14.0695
1503.57, -14.4467
1503.54, -14.8654
1503.51, -15.3299
1503.48, -15.8454
1503.45, -16.4186
1503.41, -17.0581
1503.38, -17.7751
1503.35, -18.584
1503.32, -19.5042
1503.29, -20.5624
1503.26, -21.7971
1503.23, -23.2667
1503.19, -25.0666
1503.16, -27.3697
1503.13, -30.5423
1503.1, -35.6182
1503.07, -49.0524
1503.04, -40.1041
1503.01, -32.7887
1502.97, -28.8923
1502.94, -26.235
1502.91, -24.2264
1502.88, -22.6195
1502.85, -21.2874
1502.82, -20.1563
1502.79, -19.1796
1502.76, -18.3258
1502.72, -17.573
1502.69, -16.9052
1502.66, -16.3105
1502.63, -15.7796
1502.6, -15.3054
1502.57, -14.8821
1502.54, -14.5049
1502.5, -14.17
1502.47, -13.874
1502.44, -13.6142
1502.41, -13.388
1502.38, -13.1935
1502.35, -13.0287
1502.32, -12.8921
1502.28, -12.7825
1502.25, -12.6989
1502.22, -12.6405
1502.19, -12.6069
1502.16, -12.598
1502.13, -12.6139
1502.1, -12.6549
1502.07, -12.7216
1502.03, -12.815
1502, -12.9361
1501.97, -13.0859
1501.94, -13.2658
1501.91, -13.4772
1501.88, -13.7214
1501.85, -14.0002
1501.81, -14.3155
1501.78, -14.6693
1501.75, -15.0644
1501.72, -15.5041
1501.69, -15.9925
1501.66, -16.5349
1501.63, -17.1385
1501.6, -17.8121
1501.56, -18.5677
1501.53, -19.4213
1501.5, -20.3946
1501.47, -21.5185
1501.44, -22.8383
1501.41, -24.4247
1501.38, -26.3978
1501.34, -28.9866
1501.31, -32.7236
1501.28, -39.4462
1501.25, -53.2967
1501.22, -36.8502
1501.19, -31.4618
1501.16, -28.1846
1501.13, -25.836
1501.09, -24.0146
1501.06, -22.5347
1501.03, -21.2955
1501, -20.2356
1500.97, -19.3155
1500.94, -18.5076
1500.91, -17.7927
1500.88, -17.1565
1500.84, -16.5882
1500.81, -16.0795
1500.78, -15.6241
1500.75, -15.2169
1500.72, -14.8537
1500.69, -14.5314
1500.66, -14.2471
1500.63, -13.9985
1500.59, -13.7837
1500.56, -13.601
1500.53, -13.4488
1500.5, -13.3258
1500.47, -13.2308
1500.44, -13.1627
1500.41, -13.1206
1500.38, -13.1039
1500.34, -13.1121
1500.31, -13.1451
1500.28, -13.2028
1500.25, -13.2857
1500.22, -13.3944
1500.19, -13.5299
1500.16, -13.6934
1500.13, -13.8865
1500.09, -14.1108
1500.06, -14.3685
1500.03, -14.6617


